-0.04780618 , -0.16622102
0.07199733 , -0.25311166
0.13164191 , -0.29467631
0.18485159 , -0.19834321
0.1615787 , -0.15151798
0.16153297 , -0.15461373
0.24122394 , -0.02746311
0.34625971 , -0.05391064
0.3810802 , 0.12628683
0.53656102 , 0.26805365
0.71912347 , 0.25347701
0.92407008 , 0.28490221
1.09082214 , 0.41503945
1.38902367 , 0.30509767
1.66514864 , 0.22151837
1.91462621 , 0.31833306
2.16870104 , 0.41925552
2.34645389 , 0.56963748
2.63694087 , 0.6208718
2.90641064 , 0.65176125
3.19034112 , 0.80049698
3.43188132 , 0.93565588
3.68227007 , 0.98857354
3.989604 , 1.02859983
4.29607035 , 1.03492348
4.5226106 , 1.04054719
4.76259221 , 1.09068236
5.04929729 , 1.21871567
5.3163825 , 1.23353843
5.60164065 , 1.2621668
5.86854817 , 1.41749928
6.17131856 , 1.48226032
6.44503636 , 1.57604388
6.72364828 , 1.66672646
7.04926856 , 1.7994844
7.38453921 , 1.85561914
7.71778616 , 1.94006782
8.06197081 , 2.10048422
8.43190279 , 2.15189131
8.83924677 , 2.20854029
9.18551393 , 2.23423171
9.58155902 , 2.25850374
9.91664676 , 2.29633452
10.3013196 , 2.39893011
10.66343992 , 2.49657048
11.06858791 , 2.51807152
11.50163971 , 2.6288201
11.95552882 , 2.74549589
12.3706341 , 2.9065467
12.80556692 , 3.03091021
13.23363079 , 3.03260063
13.57328883 , 3.05056057
13.92002547 , 3.22517849
14.27948136 , 3.33833059
14.58348642 , 3.41390593
14.91888966 , 3.48345409
15.26857435 , 3.50637359
15.56248627 , 3.63922579
15.89909104 , 3.73321315
16.24928768 , 3.86516739
16.60284451 , 3.89421285
16.88788215 , 4.00134465
17.18832501 , 3.97278334
17.51829391 , 4.06736117
17.79483544 , 4.09429711
18.14233835 , 4.16711901
18.42267995 , 4.25787953
18.72655455 , 4.30534289
19.04321766 , 4.40754408
19.35055832 , 4.40945817
19.68246889 , 4.50496017
19.99220298 , 4.5549849
20.36266607 , 4.63784394
20.7064672 , 4.6310585
21.01540382 , 4.69061467
21.30535209 , 4.67720749
21.61825159 , 4.70516616
21.91095708 , 4.7333724
22.23898787 , 4.79104356
22.50651186 , 4.74199847
22.82517143 , 4.71066351
23.16354286 , 4.71696865
23.41761891 , 4.75332504
23.69071134 , 4.79655199
23.93590429 , 4.7621139
24.17123743 , 4.84355242
24.38959474 , 4.82116347
24.64595794 , 4.78876887
24.93412851 , 4.84596249
25.20142587 , 4.95105602
25.43139993 , 5.02825368
25.7179948 , 5.03863324
26.03317675 , 5.10616744
26.27527125 , 5.08445776
26.50583092 , 5.07543609
26.78459193 , 5.15228998
27.06556921 , 5.20663331
27.30603014 , 5.26091369
27.55331933 , 5.18998924
27.83654745 , 5.24594939
28.06395492 , 5.29824455
28.27893082 , 5.23423057
28.489732 , 5.23257824
28.67467508 , 5.16439881
28.94271178 , 5.14901418
29.17649939 , 5.18805757
29.36857697 , 5.16044245
29.62830921 , 5.09762779
29.85352108 , 5.13145684
30.09692806 , 5.07923152
30.36655884 , 5.08117847
30.59092491 , 5.12620501
30.83696528 , 5.09060983
31.09254096 , 5.07037311
31.33585328 , 5.03166924
31.59018283 , 5.06049836
31.80242698 , 5.09759211
32.06548442 , 5.0772756
32.28762253 , 5.0324881
32.51214956 , 5.00721848
32.71716086 , 5.07716805
32.99784877 , 5.13608474
33.23502676 , 5.12520716
33.44094145 , 5.14281522
33.67963574 , 5.18679132
33.8812018 , 5.21479935
34.13687725 , 5.15246922
34.33778005 , 5.11154065
34.56785528 , 5.1038784
34.79427505 , 5.13273345
35.01384296 , 5.09690556
35.2283484 , 5.05875421
35.5235595 , 5.05971852
35.76563221 , 5.03324071
36.04495409 , 5.06745698
36.28234931 , 5.10646535
36.54608535 , 5.13521756
36.76964889 , 5.06845347
37.060775 , 5.07261523
37.28268406 , 5.04678245
37.54040755 , 4.98947534
37.8218487 , 5.01497636
38.13034654 , 4.91969167
38.40006427 , 4.87671219
38.60989447 , 4.81238756
38.87320973 , 4.83673721
39.11478637 , 4.79783878
39.35979243 , 4.73156217
39.6359378 , 4.67834761
39.88807044 , 4.70205687
40.20064987 , 4.73119534
40.53176027 , 4.7066683
40.76329906 , 4.62274911
41.03659092 , 4.54058473
41.33492058 , 4.47781925
41.66897926 , 4.38856929
41.96040016 , 4.38640142
42.29082522 , 4.30106411
42.60941141 , 4.31078302
42.92069988 , 4.30404758
43.15000713 , 4.29598435
43.41919844 , 4.30842504
43.63363999 , 4.30707165
43.87133141 , 4.27919263
44.09388206 , 4.24614788
44.31668375 , 4.22850653
44.61702053 , 4.14958384
44.81937675 , 4.04563477
45.10718401 , 3.98308988
45.31790394 , 3.87659565
45.62446174 , 3.78044931
45.84847394 , 3.76744704
46.10826586 , 3.70722411
46.39090336 , 3.68598187
46.71469335 , 3.66884759
47.00989402 , 3.65556057
47.31699105 , 3.64479086
47.54975148 , 3.551255
47.79183227 , 3.50400974
48.03658932 , 3.43816387
48.33741731 , 3.3861819
48.62829782 , 3.28116985
48.90011846 , 3.20118998
49.13934569 , 3.2066889
49.42453103 , 3.17837967
49.67378365 , 3.06467011
49.920007 , 3.01419537
50.15405238 , 2.92148085
50.47604063 , 2.88254119
50.755344 , 2.87235692
51.05716809 , 2.78772866
51.37547529 , 2.72174643
51.6139167 , 2.61093611
51.91201751 , 2.51697003
52.1707083 , 2.49525662
52.44141516 , 2.44830372
52.67601869 , 2.45921792
52.99958355 , 2.45273745
53.26147009 , 2.33137689
53.56201764 , 2.26280081
53.87295813 , 2.21041093
54.13006935 , 2.19638577
54.35815462 , 2.07499051
54.59248666 , 2.0064238
54.85538922 , 1.94186068
55.11129969 , 1.83646099
55.38226374 , 1.73282332
55.60742622 , 1.74506749
55.83128453 , 1.63851049
56.06291995 , 1.58484121
56.34957508 , 1.52534487
56.55484296 , 1.41655466
56.83434277 , 1.41504405
57.09384539 , 1.37647346
57.33029234 , 1.3145733
57.57745688 , 1.20978869
57.87614674 , 1.22337698
58.10844051 , 1.16426979
58.36620926 , 1.10669185
58.61794688 , 1.10619983
58.89611536 , 1.10248107
59.2048609 , 1.05406472
59.44689972 , 0.99396643
59.68974942 , 0.85365621
59.9784272 , 0.84761065
60.27741455 , 0.78799326
60.52782485 , 0.7693816
60.77809499 , 0.72323772
61.06457656 , 0.69493336
61.37440422 , 0.61330923
61.64986814 , 0.52897315
61.92275194 , 0.47783769
62.20932098 , 0.38016417
62.4812808 , 0.31593996
62.77308779 , 0.29067205
63.00070115 , 0.26197144
63.25455197 , 0.21408718
63.54525535 , 0.16298295
63.77188311 , 0.06336708
64.04801913 , -0.06273028
64.35102364 , -0.14621418
64.58672457 , -0.25446259
64.84478976 , -0.31445747
65.12097384 , -0.4449034
65.40991037 , -0.5244406
65.70275124 , -0.64208411
66.0121005 , -0.77062713
66.34861216 , -0.78450263
66.67947504 , -0.9390413
67.00062052 , -1.04458282
67.37110858 , -1.11720666
67.68549964 , -1.2492506
68.00916598 , -1.29730476
68.3323624 , -1.39327279
68.6594282 , -1.44654145
68.96933004 , -1.51147855
69.24244906 , -1.64779433
69.50011878 , -1.73857139
69.81750644 , -1.80592807
70.13940117 , -1.84569139
70.46156269 , -1.91036398
70.71862275 , -1.97938917
71.04376216 , -1.98690525
71.34582322 , -2.06976874
71.67300214 , -2.10837173
71.94746653 , -2.10896108
72.18678666 , -2.1286162
72.45955604 , -2.24143377
72.77289112 , -2.35104038
73.04376752 , -2.43591682
73.33876623 , -2.4721396
73.62284946 , -2.46787153
73.92688173 , -2.47196797
74.18548059 , -2.6066692
74.47015991 , -2.73259308
74.73577884 , -2.78338465
74.98260985 , -2.88991564
75.25102178 , -2.89857733
75.53110167 , -2.94898046
75.85633358 , -3.0743816
76.21768485 , -3.14293495
76.54234526 , -3.2440313
76.85952632 , -3.36970457
77.15999368 , -3.40544739
77.5040991 , -3.42288353
77.81433048 , -3.46202666
78.09676561 , -3.53383096
78.32518028 , -3.62849673
78.59729805 , -3.63779703
78.83768929 , -3.66525675
79.07559957 , -3.65782956
79.31291286 , -3.68154169
79.51915064 , -3.78321651
79.72900172 , -3.86354172
79.92670721 , -3.92179956
80.17755121 , -3.93706583
80.43853258 , -3.97605855
80.71365314 , -3.95186507
80.94406208 , -4.0347136
81.16258829 , -4.08947692
81.46703496 , -4.08633203
81.74374375 , -4.1211647
81.98941057 , -4.22069811
82.26945735 , -4.30964462
82.50657024 , -4.30355938
82.78392428 , -4.34770103
83.02362035 , -4.33770341
83.31778023 , -4.34706244
83.60088189 , -4.37122101
83.88492664 , -4.43199695
84.21431095 , -4.45913686
84.5635202 , -4.54143312
84.90282311 , -4.60355625
85.24485279 , -4.69794536
85.58945761 , -4.77273144
85.88896857 , -4.78165052
86.20134666 , -4.84009936
86.54081138 , -4.89911695
86.81552761 , -4.96431356
87.13280491 , -4.9947957
87.51567149 , -5.00909082
87.88224487 , -5.07984725
88.19431955 , -5.04513419
88.52757224 , -5.12349316
88.89528542 , -5.05880779
89.21327374 , -5.03562589
89.51961897 , -5.05228672
89.87841401 , -5.0975349
90.26907986 , -5.08143137
90.60612485 , -5.12421624
90.96885986 , -5.08214939
91.38780579 , -5.11263227
91.71377349 , -5.09162093
92.09843602 , -5.09357182
92.45831191 , -5.12485841
92.77431193 , -5.17203544
93.09625495 , -5.18510254
93.41448262 , -5.19456645
93.78785304 , -5.17981181
94.14033741 , -5.26117007
94.52498035 , -5.27497631
94.86146183 , -5.30448393
95.18575647 , -5.3554609
95.57233062 , -5.3511177
95.86691717 , -5.29683429
96.15563452 , -5.21473914
96.49678232 , -5.22773618
96.83367699 , -5.17597406
97.11221259 , -5.13279039
97.41287697 , -5.17902142
97.69935977 , -5.23856864
97.97031693 , -5.18814534
98.31687575 , -5.2092169
98.58656927 , -5.1646899
98.85742624 , -5.19887348
99.19177458 , -5.23964
99.50855702 , -5.24631155
99.83301942 , -5.1480229
100.10276587 , -5.06889214
100.42224521 , -5.09465433
100.7136513 , -5.00700049
101.06490731 , -4.96754044
101.31404978 , -4.97314575
101.62665796 , -4.87118009
101.93700877 , -4.83170714
102.18914717 , -4.81734616
102.55322537 , -4.82600454
102.84300133 , -4.86822285
103.13911168 , -4.75256372
103.48997927 , -4.65721047
103.7950515 , -4.57737934
104.15036969 , -4.51402459
104.49681477 , -4.50554943
104.7691422 , -4.52098454
105.0589285 , -4.44218459
105.34393252 , -4.39395204
105.68681745 , -4.35167568
105.98282558 , -4.29336888
106.33023646 , -4.27937956
106.6447068 , -4.30177788
106.93925948 , -4.26631209
107.2542249 , -4.24168948
107.53672944 , -4.23563883
107.80361328 , -4.12417908
108.13799633 , -4.08237296
108.48220152 , -4.02193855
108.7977389 , -4.00654986
109.09441709 , -3.97080531
109.38276051 , -3.97246771
109.74773255 , -3.93436631
110.07530136 , -3.8001566
110.40985554 , -3.71338981
110.77356755 , -3.63485636
111.06468574 , -3.55965597
111.41842082 , -3.49284475
111.70672836 , -3.43409513
111.97942759 , -3.34507313
112.24980664 , -3.29556967
112.55753784 , -3.26802716
112.84254005 , -3.17483006
113.12527768 , -3.10884696
113.37443975 , -3.00824931
113.702385 , -3.0061859
113.98586226 , -2.95632216
114.33068161 , -2.86615135
114.6556596 , -2.88223749
114.92634607 , -2.79914291
115.24886481 , -2.67466438
115.57025345 , -2.64986481
115.87147293 , -2.55276349
116.14372145 , -2.47244646
116.41955084 , -2.34918126
116.72592132 , -2.3442161
116.99770598 , -2.2673906
117.25155891 , -2.23911836
117.52353749 , -2.11429385
117.86212658 , -2.13258398
118.15167901 , -2.08196735
118.45351165 , -1.95856377
118.74780855 , -1.83635145
118.98049009 , -1.71970927
119.25331147 , -1.62832126
119.53252969 , -1.62263354
119.80630192 , -1.64596568
120.08052253 , -1.65323499
120.28995323 , -1.56480664
120.55879412 , -1.55025104
120.8254971 , -1.53361091
121.07989928 , -1.380469
121.40092393 , -1.23729664
121.70678435 , -1.1651691
121.97986468 , -1.12801802
122.24700988 , -0.9791562
122.48161322 , -0.91533384
122.73061232 , -0.88499343
123.01244727 , -0.83491751
123.33356284 , -0.69884073
123.63662466 , -0.6736069
123.94451709 , -0.59312426
124.2418093 , -0.50938527
124.52148769 , -0.47337387
124.758875 , -0.38205137
125.02633966 , -0.2447166
125.34643611 , -0.22664453
125.60098365 , -0.1906569
125.84256537 , -0.06817737
126.17870959 , -0.06175655
126.52583672 , 0.01694415
126.81861423 , 0.12548154
127.1940832 , 0.21219922
127.53537165 , 0.24460548
127.92515333 , 0.32084199
128.24451861 , 0.49355479
128.54114375 , 0.63245662
128.82588618 , 0.68722618
129.14485709 , 0.70904833
129.48663806 , 0.84004002
129.76541974 , 0.98505393
130.06793416 , 1.03268953
130.40691415 , 1.07176529
130.71935303 , 1.16578098
131.08535538 , 1.33973262
131.45565247 , 1.46776669
131.82937592 , 1.54302185
132.2379501 , 1.62604454
132.63091927 , 1.71561923
132.98363634 , 1.84243896
133.36603752 , 1.94248892
133.68229746 , 2.06172121
134.07500365 , 2.07229636
134.36939391 , 2.2308767
134.75583644 , 2.26982708
135.1308207 , 2.32228275
135.42780438 , 2.4628308
135.7248845 , 2.55799809
136.07155536 , 2.54131749
136.3441373 , 2.62600575
136.59176967 , 2.71844323
136.87144709 , 2.81962027
137.09191332 , 2.80426214
137.3692726 , 2.792357
137.66200859 , 2.7950404
137.86174513 , 2.87809073
138.07207386 , 2.85975263
138.27774273 , 2.87758074
138.48604951 , 2.91879091
138.73359693 , 2.94603705
138.91497175 , 2.99208981
139.08757729 , 3.02079965
139.27677642 , 3.11507392
139.49682055 , 3.21301469
139.75532182 , 3.30889687
139.9672178 , 3.29073159
140.21264062 , 3.33106124
140.51793744 , 3.31739305
140.73068563 , 3.40014188
141.01116069 , 3.44294547
141.27496674 , 3.43793037
141.51695083 , 3.53013961
141.78563876 , 3.63440587
142.09660702 , 3.6702266
142.32766846 , 3.76093397
142.5456674 , 3.79263575
142.79374928 , 3.77511656
143.04981217 , 3.90258609
143.32241896 , 3.95327214
143.60088563 , 3.99053638
143.82328905 , 4.04993259
144.10926362 , 4.01441864
144.40459892 , 4.03078611
144.69466003 , 4.13619957
144.97635919 , 4.12032383
145.21502198 , 4.19621298
145.48368914 , 4.21080391
145.73149752 , 4.18974617
145.9903771 , 4.2911081
146.18368959 , 4.3959403
146.46576831 , 4.40890823
146.69541067 , 4.46750812
146.9967561 , 4.43977775
147.26555487 , 4.4270418
147.58286056 , 4.43840899
147.81785573 , 4.55760774
148.13706142 , 4.56687133
148.37567155 , 4.66738712
148.6112803 , 4.72789116
148.83238703 , 4.78536665
149.07603661 , 4.88459526
149.33088524 , 4.85041645
149.60105094 , 4.87159712
149.86015578 , 4.84520492
150.18036097 , 4.88837912
150.50560317 , 4.97235873
150.81432525 , 5.05754297
151.10062266 , 5.07584852
151.41265646 , 5.14000073
151.73056283 , 5.19675173
152.02050989 , 5.20274868
152.29750512 , 5.19298716
152.59437193 , 5.23231412
152.91820992 , 5.29021419
153.1915722 , 5.22653726
153.44696294 , 5.24757502
153.72451114 , 5.24954612
153.98962499 , 5.27597336
154.25346667 , 5.28742847
154.53881566 , 5.28871694
154.89230921 , 5.30340402
155.22143334 , 5.23720907
155.56268499 , 5.29180528
155.89155591 , 5.21529194
156.26017426 , 5.18030768
156.60481967 , 5.2579775
156.88122663 , 5.30410226
157.20674965 , 5.24591029
157.52940832 , 5.30542204
157.88445844 , 5.31919197
158.18625263 , 5.2648298
158.48393376 , 5.2109975
158.88352284 , 5.15250247
159.27339017 , 5.1478094
159.59354277 , 5.14734665
159.90015817 , 5.13624521
160.18238563 , 5.10089976
160.48339267 , 5.14319317
160.81132863 , 5.2094598
161.12567368 , 5.21035277
161.44990596 , 5.21271601
161.8000106 , 5.22340678
162.18918901 , 5.2161574
162.52953953 , 5.25679589
162.8786111 , 5.21812283
163.23373583 , 5.21725661
163.59306023 , 5.23947265
163.90873797 , 5.16442397
164.26023674 , 5.15033373
164.61970826 , 5.13597633
164.95725982 , 5.05264784
165.27920908 , 4.99177676
165.59436021 , 5.01339615
165.93805793 , 4.99653821
166.32262342 , 4.86194608
166.67760776 , 4.75397817
167.02294156 , 4.64921732
167.37541018 , 4.66542756
167.71617648 , 4.69023826
168.02412277 , 4.70463515
168.3493956 , 4.68077339
168.73276027 , 4.59998778
169.13819116 , 4.47783938
169.47099668 , 4.40592096
169.83457597 , 4.358938
170.11875495 , 4.34634529
170.40700333 , 4.31852054
170.74126925 , 4.21689644
171.06562412 , 4.2402024
171.35586988 , 4.18262298
171.66127021 , 4.18012551
171.98622967 , 4.07112298
172.23741155 , 4.07288437
172.52962533 , 3.97346163
172.80475696 , 3.89581792
173.09321964 , 3.91104957
173.34462625 , 3.88207416
173.61851962 , 3.75037223
173.89442301 , 3.76849463
174.18535868 , 3.70438251
174.47313951 , 3.65275539
174.73147658 , 3.58746986
175.04182951 , 3.59582914
175.30110832 , 3.59666351
175.58869719 , 3.50538991
175.8936697 , 3.50831293
176.14216511 , 3.45617163
176.42314304 , 3.36619989
176.74156035 , 3.3229114
177.05938725 , 3.17251624
177.34620767 , 3.13622269
177.65684576 , 3.02463171
177.94129938 , 2.98759504
178.23875736 , 2.8661524
178.5422346 , 2.78219378
178.82358207 , 2.66187848
179.1471238 , 2.63618832
179.41181031 , 2.48286702
179.70491948 , 2.42848344
180.01105919 , 2.34562663
180.30495119 , 2.25901713
180.61661746 , 2.1809121
180.8423352 , 2.10657886
181.08482955 , 2.03218983
181.32625289 , 1.96415508
181.62053926 , 1.83101683
181.88771064 , 1.77646508
182.19916162 , 1.79286448
182.44522639 , 1.72806453
182.71639022 , 1.65207772
183.04525258 , 1.66518417
183.32521435 , 1.60135102
183.54720266 , 1.47319857
183.84399673 , 1.37766484
184.07203481 , 1.34840874
184.29219743 , 1.27663841
184.60596129 , 1.1458186
184.86699266 , 1.10152881
185.10364327 , 1.0293938
185.42125232 , 0.96625091
185.6641569 , 0.96322942
185.89472512 , 0.82879147
186.21737206 , 0.84062498
186.50307804 , 0.70221196
186.71228214 , 0.5939383
186.97768544 , 0.50616616
187.22459773 , 0.51617324
187.45426413 , 0.4877649
187.67384328 , 0.4101527
187.93208643 , 0.32980982
188.20610612 , 0.23184529
188.49653736 , 0.10706782
188.71524987 , -0.03185681
188.97218742 , -0.01247535
189.20415309 , -0.08428876
189.44488951 , -0.12530678
189.69237005 , -0.19374641
189.90185255 , -0.26633904
190.11240047 , -0.37597343
190.31386519 , -0.46513406
190.52950734 , -0.55085012
190.79690651 , -0.6523003
191.03317169 , -0.65286207
191.26200433 , -0.73328775
191.53567412 , -0.72675113
191.73503457 , -0.80262823
191.98460069 , -0.89822335
192.22685205 , -0.88950992
192.4670039 , -0.96695867
192.687489 , -0.96653354
192.98887158 , -0.96232312
193.22783234 , -0.9821137
193.4290244 , -1.07939148
193.70514086 , -1.1874767
193.92100528 , -1.21442098
194.2236068 , -1.22892191
194.44672397 , -1.25717185
194.74823617 , -1.39465855
195.026579 , -1.403408
195.24140477 , -1.54880003
195.48075015 , -1.56001728
195.79278912 , -1.69427167
196.01955557 , -1.72663808
196.30230266 , -1.79461901
196.57159887 , -1.91607548
196.78254863 , -2.00391543
197.03336748 , -2.10685752
197.2649388 , -2.09498727
197.47967321 , -2.17622757
197.70641659 , -2.26578474
197.97994256 , -2.30898902
198.19350941 , -2.39386385
198.48032277 , -2.39028177
198.71897793 , -2.50423532
198.96089998 , -2.53610046
199.16228561 , -2.58807254
199.43650257 , -2.66397122
199.69793876 , -2.71719304
199.89734213 , -2.76261344
200.12614507 , -2.81899272
200.33188751 , -2.8111188
200.57438679 , -2.90942635
200.87212152 , -2.91013843
201.0844139 , -2.9622025
201.29006531 , -3.05873646
201.52881661 , -3.07215879
201.79933405 , -3.06259072
202.06473633 , -3.0824065
202.30317948 , -3.19999257
202.6080338 , -3.29262946
202.87972771 , -3.36122786
203.18019595 , -3.35536851
203.47239831 , -3.45953942
203.75772873 , -3.45302315
204.05677805 , -3.52102756
204.33379992 , -3.53747326
204.58356722 , -3.59430148
204.83267916 , -3.637228
205.08007188 , -3.66251056
205.27746088 , -3.71106445
205.52582485 , -3.75328241
205.73698656 , -3.81668906
206.00167175 , -3.92482295
206.28958515 , -3.97649288
206.56806661 , -4.0338577
206.84778109 , -4.02947702
207.09314386 , -4.13154146
207.35253983 , -4.18757262
207.67621151 , -4.19534542
207.95979365 , -4.2877892
208.27116867 , -4.28292418
208.56236912 , -4.34964721
208.82636822 , -4.40478223
209.10592065 , -4.43072986
209.35814323 , -4.41340325
209.68816402 , -4.41822165
209.96265073 , -4.41046774
210.26800947 , -4.39066218
210.52381119 , -4.37428256
210.75012034 , -4.4680316
210.97239478 , -4.55713627
211.26299737 , -4.58571675
211.58889412 , -4.6194224
211.9115841 , -4.59988875
212.20870811 , -4.6923309
212.48978046 , -4.66863646
212.74694072 , -4.64521387
213.03585491 , -4.62804355
213.33222867 , -4.66898651
213.61594801 , -4.75158828
213.87844804 , -4.80952452
214.13177732 , -4.802768
214.43549614 , -4.85664165
214.67807306 , -4.87887615
215.00235187 , -4.91460424
215.28837089 , -4.93818345
215.53737364 , -5.00534904
215.82469484 , -5.01974395
216.1009848 , -5.02413544
216.3748881 , -5.01895677
216.691734 , -4.9663392
216.95680032 , -4.95085565
217.19166625 , -4.91148849
217.43530753 , -4.99400485
217.71758214 , -4.98811878
217.95272127 , -4.96457264
218.21847957 , -4.9758681
218.45885804 , -5.05571871
218.76424492 , -5.08653972
218.98584899 , -5.09630061
219.24340612 , -5.07030246
219.55686956 , -5.10497262
219.88190659 , -5.12585754
220.15656853 , -5.16111981
220.409016 , -5.13852461
220.65798847 , -5.17803962
220.93109469 , -5.19850302
221.17366435 , -5.15851444
221.47741497 , -5.15699255
221.74038407 , -5.14982154
221.98973398 , -5.18145886
222.23633521 , -5.1218915
222.51995675 , -5.14743429
222.77324139 , -5.12555431
223.09752555 , -5.07313773
223.38280486 , -5.00562392
223.66155288 , -4.95467767
223.90976607 , -4.99781239
224.13911607 , -4.99097782
224.38945069 , -4.92220767
224.6654984 , -4.8704512
224.9157211 , -4.87493
225.1497475 , -4.82851065
225.39778282 , -4.85053728
225.62787153 , -4.77852277
225.88137957 , -4.71845018
226.13369853 , -4.75080138
226.42891827 , -4.71068326
226.6597558 , -4.73761835
226.96827338 , -4.69553936
227.27975091 , -4.62129116
227.55335244 , -4.65995105
227.86531115 , -4.60237257
228.1530835 , -4.60065812
228.4296245 , -4.58763598
228.64490049 , -4.53205484
228.863688 , -4.4763783
229.17279084 , -4.40608232
229.40987701 , -4.34258652
229.64770815 , -4.35788108
229.9322162 , -4.36193506
230.23536536 , -4.35041046
230.55432848 , -4.35142717
230.89414373 , -4.37870743
231.18709169 , -4.31772783
231.42571182 , -4.26877779
231.6849341 , -4.17508715
231.93719034 , -4.113748
232.20796634 , -4.03032807
232.51713897 , -4.0613593
232.75798148 , -4.01938148
233.09017246 , -4.01817813
233.38253207 , -3.94133191
233.62012728 , -3.91168319
233.92679636 , -3.84317405
234.22288388 , -3.75231527
234.54114997 , -3.78391309
234.81660646 , -3.69341824
235.05029371 , -3.70671162
235.36062507 , -3.71815401
235.64596724 , -3.70436446
235.94484723 , -3.63912296
236.23335407 , -3.60784152
236.52413303 , -3.59949585
236.76732078 , -3.49878085
237.0107542 , -3.4436511
237.22926825 , -3.34176909
237.44849194 , -3.30785577
237.71828287 , -3.30003175
238.00913407 , -3.28840179
238.28279177 , -3.21472795
238.57872056 , -3.18520326
238.84907606 , -3.14205534
239.07393517 , -3.07466782
239.3378941 , -2.98224729
239.5566259 , -2.97961137
239.84557708 , -2.9310778
240.06821205 , -2.89953457
240.34706331 , -2.84948469
240.61027954 , -2.78303127
240.86693652 , -2.71247761
241.16967 , -2.69398259
241.47572018 , -2.57566208
241.72343711 , -2.49936328
241.93951162 , -2.38838618
242.22765748 , -2.29716471
242.50296005 , -2.19143429
242.75987479 , -2.19073774
242.95350674 , -2.14153369
243.20653416 , -2.09630783
243.42676548 , -2.09420194
243.66127142 , -1.98841774
243.89272042 , -1.90988825
244.16809915 , -1.85966379
244.37288082 , -1.83705562
244.62348566 , -1.80719677
244.92000291 , -1.76265035
245.2083129 , -1.70168315
245.47866798 , -1.5865996
245.69146158 , -1.48340467
245.96376481 , -1.44213304
246.20335011 , -1.38334654
246.47558324 , -1.32483019
246.74926598 , -1.21362784
246.99812413 , -1.18018964
247.28371236 , -1.16850935
247.54159175 , -1.03522463
247.75582092 , -0.97371861
248.02166083 , -0.93892547
248.24267745 , -0.886625
248.47707227 , -0.86562553
248.777793 , -0.77070261
249.05342788 , -0.65382225
249.34035656 , -0.60653587
249.66569565 , -0.55387493
249.89546419 , -0.40969148
250.18219111 , -0.30217911
250.41034172 , -0.20841358
250.64097489 , -0.17306679
250.9187578 , -0.09036109
251.18637145 , -0.02823224
251.49929257 , 0.04884059
251.72986304 , 0.1448759
252.04118596 , 0.21492971
252.28027697 , 0.22957802
252.50472388 , 0.27453776
252.75490832 , 0.32302316
253.02457436 , 0.36939045
253.32344631 , 0.49902642
253.64292816 , 0.59813206
253.91526243 , 0.70961933
254.24563865 , 0.7518234
254.54509523 , 0.87383099
254.79730268 , 1.00270513
255.11432692 , 1.06796544
255.42649691 , 1.1485938
255.67457963 , 1.272722
255.92271349 , 1.30902009
256.22985101 , 1.36698671
256.56809696 , 1.4777314
256.82289276 , 1.56322754
257.16410142 , 1.55851013
257.43119514 , 1.57026812
257.7066896 , 1.58546391
258.02520631 , 1.6989067
258.28945649 , 1.74776512
258.5788325 , 1.79394295
258.86574632 , 1.86455544
259.10692126 , 1.98168663
259.42162655 , 1.97524788
259.70452367 , 2.09616542
259.96639038 , 2.18104739
260.21781738 , 2.18684674
260.52308483 , 2.26387283
260.82665844 , 2.27674904
261.11784617 , 2.28055723
261.37903334 , 2.30496502
261.70126944 , 2.32992978
262.03475829 , 2.35947583
262.31425586 , 2.44927461
262.60455595 , 2.5541125
262.83196975 , 2.63172473
263.09594425 , 2.70792644
263.28873618 , 2.83123586
263.52719746 , 2.9195249
263.82507983 , 2.9581339
264.04477301 , 2.95499882
264.28215147 , 2.98058091
264.50454871 , 3.06539069
264.76377082 , 3.12125918
264.97016609 , 3.18376495
265.2486556 , 3.17159264
265.54790756 , 3.28198698
265.80257263 , 3.39123655
266.09690124 , 3.41222055
266.33130336 , 3.48137845
266.60684456 , 3.52543083
266.84657505 , 3.59373806
267.10406159 , 3.68402932
267.4167199 , 3.71734135
267.6960766 , 3.8041426
267.99600221 , 3.82443656
268.25394506 , 3.8209354
268.55238893 , 3.8391203
268.82717915 , 3.90971028
269.13697026 , 3.97672719
269.43386432 , 3.96169025
269.65881533 , 3.98982652
269.95263568 , 3.98951292
270.26440015 , 4.0881439
270.51519518 , 4.09875756
270.81101463 , 4.15903719
271.08133478 , 4.18629703
271.38174178 , 4.27817266
271.66046584 , 4.28386229
271.9048675 , 4.35486311
272.13809225 , 4.4500088
272.35682149 , 4.50938038
272.56834102 , 4.52043413
272.87012856 , 4.52785987
273.11170646 , 4.58710488
273.34903954 , 4.57254472
273.58769375 , 4.54427789
273.84024993 , 4.56199995
274.10847278 , 4.59428109
274.38382701 , 4.64805177
274.67101086 , 4.70790551
274.88852314 , 4.67413702
275.17805743 , 4.71406372
275.43703736 , 4.76222169
275.72200167 , 4.81448926
275.9904168 , 4.79247521
276.26982228 , 4.82701271
276.48708901 , 4.87847202
276.75499269 , 4.8955709
277.01983445 , 4.85864483
277.24831706 , 4.8470841
277.51305975 , 4.87583898
277.72219576 , 4.93021825
277.9317299 , 4.90264374
278.14776394 , 4.92494727
278.41537741 , 4.87945915
278.69708581 , 4.95420444
278.94250778 , 5.00524657
279.18971424 , 5.06196499
279.44503934 , 5.09329439
279.6753009 , 5.05127129
279.92578465 , 5.0009432
280.1510734 , 4.98814474
280.40400708 , 4.96785103
280.68107414 , 5.03953287
280.97261412 , 5.02991179
281.17574853 , 5.10250237
281.454993 , 5.1287634
281.69140265 , 5.09424341
281.96680429 , 5.14793915
282.200349 , 5.16016264
282.49267084 , 5.13839875
282.78011443 , 5.10288876
283.09142515 , 5.1422426
283.3934621 , 5.14875258
283.69556175 , 5.10315528
284.01661536 , 5.12839306
284.33312375 , 5.16642492
284.59516853 , 5.202554
284.89772096 , 5.16102973
285.20104096 , 5.19397238
285.47062961 , 5.18774421
285.72083947 , 5.18589345
285.98159012 , 5.19673121
286.29184415 , 5.12788344
286.60783618 , 5.10179156
286.90497506 , 5.03122441
287.19908008 , 5.00223918
287.50582584 , 4.96279149
287.78606864 , 4.91566897
288.05877073 , 4.91352816
288.32705955 , 4.94209285
288.62738481 , 4.9834426
288.91583077 , 4.93804263
289.23867927 , 4.87642639
289.48342675 , 4.80091178
289.75484394 , 4.80529462
290.03583591 , 4.81427271
290.31767959 , 4.82438154
290.57104651 , 4.73593719
290.88113619 , 4.71517301
291.17989246 , 4.65436639
291.43645212 , 4.66796422
291.69784245 , 4.57856965
292.00327513 , 4.57734549
292.26667488 , 4.59326901
292.51680888 , 4.56688276
292.80089121 , 4.4803954
293.05683795 , 4.48405192
293.31636153 , 4.4735625
293.59331613 , 4.49384243
293.81573668 , 4.40803054
294.03711083 , 4.41998512
294.263746 , 4.42743389
294.48861654 , 4.37073434
294.77062508 , 4.30608612
295.04893192 , 4.28180132
295.36750259 , 4.27656266
295.64637857 , 4.20813445
295.95024389 , 4.19200056
296.2276717 , 4.15425922
296.53757918 , 4.11701439
296.83595199 , 4.03350444
297.09548942 , 4.01397436
297.40467556 , 3.94437404
297.65435665 , 3.94761181
297.92710475 , 3.85861057
298.14633084 , 3.78419471
298.40983794 , 3.711056
298.6582837 , 3.61488412
298.93156508 , 3.50946708
299.18952125 , 3.4830488
299.41948708 , 3.49396091
299.73834092 , 3.38744385
300.01148369 , 3.35348211
300.32467634 , 3.29108764
300.61622773 , 3.28738593
300.9214292 , 3.26149675
301.16272624 , 3.16124014
301.43436194 , 3.06972625
301.73509133 , 2.95447684
302.01396152 , 2.86599485
302.26552156 , 2.7695408
302.52469019 , 2.78420502
302.83022941 , 2.74024617
303.10915132 , 2.71265313
303.40507107 , 2.60693312
303.72977452 , 2.51573978
303.96880251 , 2.48221152
304.29248434 , 2.38941201
304.55044463 , 2.29779928
304.84629103 , 2.19377377
305.1344818 , 2.17083562
305.42099317 , 2.12365778
305.71455052 , 2.09451646
306.02843912 , 2.07329721
306.30586748 , 2.04304658
306.61017337 , 2.0238536
306.87595248 , 1.97464178
307.15037416 , 1.90957301
307.45351305 , 1.82544818
307.75242227 , 1.69070122
308.02174726 , 1.65639749
308.34280137 , 1.63301913
308.58572898 , 1.59035914
308.86947606 , 1.52696616
309.14748663 , 1.47980887
309.47971789 , 1.3663206
309.77923789 , 1.24954401
310.00651385 , 1.13084117
310.28868778 , 1.1047508
310.58772775 , 1.02418397
310.85480014 , 0.96085738
311.13411372 , 0.84949367
311.44341705 , 0.765286
311.77160462 , 0.71803974
312.07597214 , 0.68424435
312.33484325 , 0.54820389
312.64299669 , 0.47330047
312.97898182 , 0.45463939
313.23543334 , 0.38883618
313.53500055 , 0.28017464
313.79852339 , 0.14439191
314.05652235 , 0.02793815
314.29807329 , -0.00738294
314.57287736 , -0.10074023
314.81994798 , -0.1325166
315.08315428 , -0.22234015
315.30242252 , -0.29976476
315.59167203 , -0.3255109
315.87217346 , -0.34991655
316.16462721 , -0.47699577
316.43080377 , -0.54677815
316.74218085 , -0.56009502
317.01243025 , -0.67986343
317.25746678 , -0.73725277
317.52758731 , -0.74816658
317.79904778 , -0.85700697
318.02976547 , -0.99087784
318.24797791 , -1.10276485
318.52484455 , -1.18685229
318.76388645 , -1.18836229
319.07724349 , -1.22752854
319.32405697 , -1.30848153
319.62015106 , -1.43224885
319.8850469 , -1.45232834
320.15524274 , -1.55061194
320.3893762 , -1.55745178
320.66712632 , -1.59818683
320.94698838 , -1.60403932
321.22955668 , -1.70351218
321.52781358 , -1.77341418
321.77466018 , -1.87199294
321.97756324 , -1.9656555
322.23124552 , -1.98105213
322.46774809 , -2.09807933
322.76896858 , -2.11745725
323.06383623 , -2.18980512
323.29081679 , -2.2387727
323.52276873 , -2.25025289
323.77050316 , -2.29626803
324.06103558 , -2.41037029
324.34870399 , -2.51233701
324.54216644 , -2.62221898
324.80187824 , -2.61060835
325.08579487 , -2.67097058
325.32980981 , -2.71708333
325.58817695 , -2.76281992
325.8364948 , -2.79211717
326.05154332 , -2.80729906
326.35159261 , -2.8171383
326.62880242 , -2.86877431
326.92116884 , -2.90698877
327.16716334 , -2.92464846
327.45045683 , -3.00407361
327.74506959 , -3.04172403
328.02532307 , -3.06145507
328.25884489 , -3.10605481
328.52139339 , -3.23620449
328.76073026 , -3.35485707
329.0449609 , -3.46159254
329.27894407 , -3.57204878
329.55792062 , -3.55450144
329.87432813 , -3.62183944
330.15602403 , -3.6487445
330.37717339 , -3.68890625
330.62306359 , -3.69979594
330.86138012 , -3.80741467
331.15393798 , -3.8196918
331.44268501 , -3.89400415
331.73447008 , -3.9119721
331.96022417 , -3.98564196
332.25520892 , -3.96414715
332.53122324 , -4.06245462
332.79616085 , -4.11070658
333.07589162 , -4.12649517
333.35242558 , -4.14972329
333.63371357 , -4.21519821
333.91266548 , -4.28614041
334.18714321 , -4.36867576
334.46560664 , -4.42756606
334.76019167 , -4.47934058
335.00589222 , -4.54187002
335.27990497 , -4.57267824
335.51137374 , -4.64224686
335.80123364 , -4.68757421
336.04640583 , -4.66817022
336.33707678 , -4.68458716
336.62232419 , -4.68791553
336.87041724 , -4.70463878
337.12593392 , -4.73267616
337.40624901 , -4.72268392
337.66441144 , -4.75270011
337.96144009 , -4.77183605
338.19569203 , -4.83553613
338.46596037 , -4.80248719
338.72228161 , -4.87118109
338.93881032 , -4.94407134
339.16571664 , -4.93113889
339.40377485 , -4.96849115
339.64082224 , -5.04032838
339.94632373 , -5.00267548
340.21094515 , -5.03174919
340.44728096 , -5.03021666
340.70706483 , -5.02134593
341.0233065 , -5.07266733
341.30530679 , -5.111028
341.58295515 , -5.13758218
341.88461825 , -5.13117456
342.15264606 , -5.08024907
342.42780514 , -5.13664032
342.71731059 , -5.13609599
342.92487929 , -5.17729974
343.17085484 , -5.18036625
343.44434762 , -5.2359636
343.68623526 , -5.28101024
343.92872525 , -5.29296537
344.19651595 , -5.31858577
344.41889882 , -5.35526079
344.66435263 , -5.31641102
344.96424409 , -5.34547315
345.26290717 , -5.26974625
345.58023564 , -5.20451066
345.83681974 , -5.1885789
346.10394021 , -5.23924963
346.42343171 , -5.2005373
346.70942211 , -5.12394103
347.03004653 , -5.11476648
347.31543558 , -5.12449057
347.56854912 , -5.15562673
347.86831559 , -5.08923334
348.14720689 , -5.02452005
348.45412546 , -5.00162455
348.74208367 , -4.96939813
348.99290599 , -4.97434252
349.26736781 , -5.03019965
349.51268278 , -4.98179526
349.76243388 , -4.94400499
350.05554527 , -4.9217581
350.29676324 , -4.92084177
350.53204073 , -4.92371701
350.82392435 , -4.93575529
351.05579276 , -4.86289904
351.34685048 , -4.88376429
351.59199668 , -4.81088696
351.85052896 , -4.81166875
352.10094637 , -4.84781684
352.43756175 , -4.83869925
352.75710333 , -4.76905919
353.05927238 , -4.70881757
353.30431887 , -4.62250962
353.55163492 , -4.60646931
353.82797351 , -4.58447374
354.1333224 , -4.51939747
354.36819225 , -4.48559439
354.64322928 , -4.44412419
354.8820738 , -4.44429721
355.16679044 , -4.36548255
355.37986824 , -4.37093799
355.60620835 , -4.40414981
355.83043213 , -4.36283055
356.10046246 , -4.30427216
356.32193032 , -4.27626565
356.58966044 , -4.26625855
356.80463487 , -4.25026281
357.01801556 , -4.19102719
357.30108009 , -4.14490202
357.59311877 , -4.08509743
357.79714828 , -4.05347041
358.04284477 , -4.05263511
358.27552812 , -3.99159949
358.56144624 , -3.96011644
358.88439457 , -3.88882346
359.18527481 , -3.80503941
359.46547837 , -3.82004334
359.73806455 , -3.85480513
360.03996769 , -3.8252852
360.25973449 , -3.73430824
360.51594542 , -3.64554847
360.74115023 , -3.55241906
360.96106828 , -3.47942882
361.26385299 , -3.45275127
361.48827172 , -3.36408618
361.73272798 , -3.31761163
361.99436881 , -3.24342839
362.23314214 , -3.21211708
362.47113951 , -3.14425552
362.76706768 , -3.17700238
363.00998388 , -3.0960449
363.25361047 , -3.05377734
363.50788022 , -3.06844321
363.77146528 , -3.07084226
364.05451054 , -3.0010742
364.30262697 , -2.9673004
364.55511559 , -2.9649392
364.80948228 , -2.85844278
365.15222934 , -2.80172964
365.44302572 , -2.79860269
365.72637912 , -2.79279193
366.00295851 , -2.71953448
366.25295623 , -2.65628845
366.53228251 , -2.62958843
366.78782753 , -2.60599011
367.05081039 , -2.55448575
367.37598061 , -2.53657422
367.66907588 , -2.39428555
367.973082 , -2.27789402
368.21718239 , -2.16303195
368.52125291 , -2.09053589
368.77261439 , -2.00581517
369.05649894 , -1.91002047
369.3296028 , -1.88508407
369.65619089 , -1.84398319
369.93881023 , -1.7756227
370.17405148 , -1.72714656
370.45211725 , -1.71715274
370.73579439 , -1.62212764
370.9867658 , -1.55840927
371.30039632 , -1.45834812
371.61181761 , -1.34158298
371.85344339 , -1.30299189
372.07283053 , -1.26776125
372.37202625 , -1.18177863
372.64627229 , -1.11461067
372.86900249 , -1.04577984
373.09032022 , -0.99574725
373.28137647 , -0.89359533
373.57641667 , -0.87602815
373.87860464 , -0.78392238
374.12409509 , -0.73689724
374.41400941 , -0.69817555
374.68263239 , -0.67045495
374.93494053 , -0.56559418
375.21722869 , -0.53956872
375.46061615 , -0.48136347
375.73624395 , -0.36910831
376.07494356 , -0.35466298
376.39355878 , -0.22273418
376.71119708 , -0.10613324
377.02948804 , -0.04142322
377.25213112 , -0.02453839
377.50239781 , 0.08927324
377.76055146 , 0.11445493
377.98267993 , 0.16078335
378.27034297 , 0.20540039
378.5197153 , 0.33123415
378.78380407 , 0.4001901
378.97960138 , 0.46766423
379.27437793 , 0.47874262
379.52461471 , 0.57366275
379.76410276 , 0.60470998
379.97604805 , 0.71402085
380.17694749 , 0.78496442
380.42397041 , 0.80234585
380.68808345 , 0.85977589
380.93324155 , 0.92080207
381.16778778 , 0.97454516
381.3935864 , 1.06585859
381.67796144 , 1.07567154
381.97048411 , 1.1755354
382.19732345 , 1.25368834
382.47124438 , 1.37697511
382.69100117 , 1.44378344
382.96457312 , 1.50244585
383.27488338 , 1.58088699
383.4998822 , 1.68289695
383.76884538 , 1.7582391
383.9785062 , 1.76503972
384.26854376 , 1.76649575
384.56022426 , 1.80067622
384.79867811 , 1.81686082
385.01317649 , 1.82840068
385.25885171 , 1.86448923
385.55578412 , 2.00143434
385.84765784 , 2.11427269
386.14608375 , 2.15698265
386.38422296 , 2.18932832
386.67237462 , 2.23242788
386.93533106 , 2.2509403
387.25717142 , 2.29112858
387.50655924 , 2.36407258
387.76274858 , 2.37639394
387.9945544 , 2.43754155
388.26132727 , 2.51281785
388.53870574 , 2.60402785
388.79750396 , 2.61746103
389.06826712 , 2.72303186
389.36199018 , 2.8501912
389.63036794 , 2.95783976
389.87514338 , 2.98156497
390.15719552 , 2.99177726
390.36537693 , 3.06531748
390.68372824 , 3.16273936
390.97881111 , 3.2017185
391.28374692 , 3.25581162
391.55309269 , 3.27384945
391.80355633 , 3.31650079
392.02765501 , 3.40793104
392.2915711 , 3.51295596
392.51910043 , 3.53446583
392.79962329 , 3.62293993
393.08118103 , 3.69205785
393.32189768 , 3.74657874
393.60019873 , 3.76237207
393.85409484 , 3.81020882
394.12349723 , 3.86187225
394.36920558 , 3.91826292
394.6851178 , 3.99877083
394.93107867 , 4.05749497
395.20378979 , 4.13046943
395.51945906 , 4.14896088
395.80082157 , 4.15411721
396.14088352 , 4.21673221
396.46926496 , 4.26745324
396.7758154 , 4.25670096
397.08598223 , 4.32376451
397.38135652 , 4.29985439
397.68017728 , 4.31632428
397.9689037 , 4.37599834
398.3516946 , 4.36377827
398.65675148 , 4.35919893
398.96180536 , 4.41504011
399.26623124 , 4.50633895
399.59503269 , 4.56304364
399.89245915 , 4.56174229
400.15421731 , 4.553848
400.47709075 , 4.63974469
400.75187446 , 4.67200806
401.08946225 , 4.67246638
401.44235405 , 4.68854096
401.79254209 , 4.77820899
402.12451955 , 4.84528044
402.38425561 , 4.89473525
402.70371219 , 4.85513467
403.01438585 , 4.83524717
403.3191878 , 4.9297287
403.61639602 , 4.90052073
403.91369055 , 4.95427541
404.20911324 , 4.91742078
404.53270977 , 4.90279293
404.91398985 , 4.93463558
405.2323328 , 4.92094427
405.58993918 , 4.9167103
405.8778599 , 4.93152203
406.20140032 , 4.92426464
406.55778359 , 4.94184736
406.89221229 , 5.01145253
407.21683823 , 5.09544083
407.47113182 , 5.12196075
407.77906 , 5.06687062
408.02618412 , 5.04856663
408.33675544 , 5.13170175
408.60618249 , 5.18812557
408.92750423 , 5.24195397
409.23839787 , 5.29136088
409.56734583 , 5.25747193
409.8233762 , 5.26716794
410.1066348 , 5.24925651
410.42447894 , 5.25261618
410.67700305 , 5.16872998
410.94255096 , 5.14072793
411.20188415 , 5.16017759
411.49362739 , 5.16782292
411.72163676 , 5.20140321
411.96131472 , 5.20203327
412.26490586 , 5.20484872
412.54358343 , 5.19366411
412.85709315 , 5.13650463
413.10533598 , 5.17168736
413.37421154 , 5.11323474
413.62703871 , 5.12245413
413.90639293 , 5.15105121
414.13406338 , 5.12489646
414.42892113 , 5.12385063
414.69458994 , 5.07652285
414.93912553 , 5.04995733
415.27556617 , 4.98647553
415.5875015 , 4.91024368
415.89051951 , 4.83159294
416.18901195 , 4.85775887
416.51113465 , 4.81460549
416.78569363 , 4.74959447
417.10966327 , 4.6877123
417.34474215 , 4.63464603
417.65485068 , 4.54970378
417.91777324 , 4.57165595
418.13286076 , 4.53194463
418.37310377 , 4.45457932
418.60984864 , 4.47105248
418.90740335 , 4.42801947
419.16775067 , 4.43157601
419.46056215 , 4.34254101
419.74435051 , 4.30319335
419.98244161 , 4.32705419
420.31417569 , 4.33834507
420.59013439 , 4.28117888
420.87020059 , 4.2942845
421.09973423 , 4.23842444
421.39784288 , 4.15520062
421.68831696 , 4.11092725
421.96413142 , 4.0726302
422.25028627 , 4.0297753
422.45879103 , 4.04131281
422.72598747 , 3.98901991
422.95217623 , 3.89937597
423.17098818 , 3.83715104
423.44914106 , 3.83981153
423.73724101 , 3.75937547
424.00643097 , 3.73769262
424.24981586 , 3.71814268
424.52352023 , 3.68945239
424.74931757 , 3.67149156
424.97891246 , 3.64027664
425.21907367 , 3.60118456
425.52718555 , 3.5047531
425.83342445 , 3.49395982
426.1179658 , 3.46946628
426.34368204 , 3.42265121
426.58777467 , 3.29069846
426.88347986 , 3.16406074
427.18667608 , 3.14925547
427.45848789 , 3.06089895
427.73052258 , 2.93416235
428.0444919 , 2.81138557
428.2824178 , 2.80218807
428.57834457 , 2.68682922
428.85558535 , 2.56972437
429.09639242 , 2.49364534
429.36666853 , 2.39085709
429.64650816 , 2.40910122
429.89840123 , 2.34527712
430.14672522 , 2.26532783
430.39068117 , 2.22422404
430.70608799 , 2.1734376
430.96003181 , 2.16534312
431.21972035 , 2.12977617
431.51764059 , 2.12294626
431.82767923 , 2.07128358
432.05503473 , 1.97249278
432.33884968 , 1.89176466
432.59073033 , 1.8083555
432.85250347 , 1.73500839
433.10130067 , 1.66695866
433.35711528 , 1.66776915
433.59974794 , 1.56009464
433.82611829 , 1.48978478
434.1317236 , 1.43530278
434.416086 , 1.40255315
434.68082794 , 1.29435732
434.93636009 , 1.28189037
435.21178229 , 1.26212853
435.46040167 , 1.17779374
435.73598245 , 1.14276261
435.97919261 , 1.09156788
436.20756118 , 1.06867858
436.50217625 , 1.03735235
436.72674859 , 0.97745074
437.02984736 , 0.87199187
437.24291214 , 0.74866809
437.46100687 , 0.64220318
437.7527969 , 0.52103428
437.97819563 , 0.51767142
438.2358127 , 0.48113089
438.48732133 , 0.44955837
438.77482971 , 0.38324001
439.01796816 , 0.29760609
439.24650619 , 0.21558791
439.52434648 , 0.092528
439.75023939 , 0.00212512
439.96868062 , -0.04218857
440.18032291 , -0.05779133
440.41399294 , -0.150634
440.67402768 , -0.17224813
440.91620125 , -0.19897259
441.13633109 , -0.28479531
441.3873427 , -0.35221215
441.58226429 , -0.43386707
441.83920082 , -0.44609441
442.05598849 , -0.53651903
442.32800638 , -0.54187464
442.62289873 , -0.64487864
442.9220287 , -0.74346744
443.20537659 , -0.80985246
443.46617341 , -0.9043005
443.73632114 , -0.96743011
443.99418467 , -1.07726687
444.28518503 , -1.12196147
444.51011569 , -1.21354896
