-0.03046613 , -0.11026447
0.09302841 , -0.22535446
0.16348828 , -0.29770484
0.21859994 , -0.12810784
0.10380704 , -0.07481368
0.04564007 , -0.12917342
0.19686687 , 0.07535724
0.34715876 , -0.03301563
0.32565937 , 0.20977919
0.62719072 , 0.37617587
0.84237025 , 0.27650454
1.0696819 , 0.28715492
1.208902 , 0.43931255
1.55009033 , 0.24331864
1.78817027 , 0.11824201
2.05623348 , 0.30918822
2.29895068 , 0.45578289
2.30640153 , 0.61967187
2.70618269 , 0.65408611
2.91898646 , 0.6291207
3.28030954 , 0.86606715
3.45679865 , 1.0159315
3.65089947 , 0.99487858
4.03818812 , 0.99759094
4.35641936 , 0.94009904
4.37889028 , 0.87300728
4.5192562 , 0.93513623
4.9150767 , 1.19464686
5.18506174 , 1.13667818
5.53183742 , 1.15171895
5.79608558 , 1.46488091
6.13701854 , 1.4936609
6.37256951 , 1.60188136
6.55582444 , 1.67431777
6.92125558 , 1.86343068
7.21188298 , 1.8149822
7.50028496 , 1.87766715
7.84326391 , 2.14008172
8.18667266 , 2.06773427
8.71029049 , 2.0836345
8.85327731 , 1.99623545
9.2566907 , 1.97279571
9.38889423 , 1.98010312
9.78314305 , 2.18135304
10.04565855 , 2.31233333
10.38863535 , 2.22515085
10.79351271 , 2.40444072
11.27004817 , 2.5727519
11.57631801 , 2.81162268
11.97391418 , 2.9229345
12.30035656 , 2.72358323
12.32012932 , 2.62401577
12.5626203 , 2.97673925
12.89858119 , 3.10492339
13.03562675 , 3.11621918
13.39407015 , 3.15614337
13.77909429 , 3.09340752
13.9684845 , 3.33486654
14.31346529 , 3.43215348
14.71428646 , 3.62835701
15.08550631 , 3.53101959
15.20816554 , 3.67156081
15.45249283 , 3.45477109
15.86702284 , 3.65294315
16.01040153 , 3.61292694
16.4418282 , 3.73369781
16.53117883 , 3.85230201
16.77787065 , 3.85207036
17.15282792 , 4.02958619
17.47275828 , 3.91666475
17.87028949 , 4.10036249
18.09324201 , 4.1115708
18.62845749 , 4.25147942
18.989353 , 4.13219536
19.2394108 , 4.23217763
19.42017972 , 4.12229407
19.73993953 , 4.17280237
19.98912377 , 4.21647809
20.37370071 , 4.33984264
20.49477652 , 4.14886159
20.91215236 , 4.09183103
21.38030112 , 4.15952555
21.47192251 , 4.26648515
21.73155176 , 4.3754792
21.86549748 , 4.24928724
22.07857322 , 4.47820788
22.25293807 , 4.37508604
22.5749139 , 4.28990887
23.02716028 , 4.48055321
23.3612317 , 4.74448099
23.50440484 , 4.85686589
23.90470122 , 4.78757662
24.4075436 , 4.91590718
24.57118266 , 4.77126878
24.72964362 , 4.71417936
25.09722519 , 4.91842529
25.46554431 , 5.01408518
25.68684501 , 5.09201006
25.97571791 , 4.82775312
26.4534626 , 5.00807972
26.6665828 , 5.12354539
26.86202353 , 4.89375847
27.10912135 , 4.91645682
27.22483099 , 4.7396399
27.72289949 , 4.77797574
28.04489515 , 4.95482338
28.19532218 , 4.88342312
28.63193841 , 4.74083279
28.8681748 , 4.91381977
29.12762785 , 4.78004165
29.51340138 , 4.8492226
29.6485097 , 5.01345913
29.93343578 , 4.89884225
30.25653882 , 4.86787031
30.52589051 , 4.79126453
30.8537068 , 4.9358501
31.02888293 , 5.05802658
31.45618982 , 4.9822277
31.70039619 , 4.85687766
31.95726601 , 4.8265467
32.142383 , 5.08856933
32.67974238 , 5.24633483
32.9672271 , 5.14784799
33.13236721 , 5.17265006
33.46060599 , 5.27963822
33.63663593 , 5.31027851
34.05439195 , 5.05792708
34.19726593 , 4.94896158
34.44534767 , 4.97616723
34.65855337 , 5.10742881
34.83767058 , 4.99061231
35.04553077 , 4.90229084
35.50250753 , 4.96454386
35.6814164 , 4.91473508
36.0095496 , 5.07032027
36.15251397 , 5.18974253
36.45743309 , 5.24424246
36.59484496 , 4.98765589
37.05273332 , 5.03553753
37.15786478 , 4.97129312
37.49110841 , 4.82786205
37.92062206 , 4.9817915
38.35814776 , 4.70792834
38.58447485 , 4.67462546
38.5947467 , 4.57383787
38.89671034 , 4.76969499
39.06316291 , 4.70083577
39.28674988 , 4.56208414
39.62242912 , 4.49907468
39.83786208 , 4.68136031
40.29204416 , 4.816076
40.78629034 , 4.740944
40.81886442 , 4.5069849
41.0296884 , 4.34852653
41.4147472 , 4.28234274
41.90571274 , 4.14178183
42.16104889 , 4.29207211
42.5917543 , 4.12947822
42.95650496 , 4.28740304
43.28314486 , 4.3346927
43.29614533 , 4.35764603
43.5946589 , 4.42477136
43.68026033 , 4.42772024
43.9247441 , 4.34430122
44.11330762 , 4.26761379
44.29495517 , 4.25907816
44.79313061 , 4.05405145
44.82463606 , 3.82984219
45.23128376 , 3.78779431
45.29323034 , 3.60798049
45.79784018 , 3.49036845
45.84809992 , 3.65614257
46.10635201 , 3.60356787
46.43960642 , 3.67149198
46.91966365 , 3.71238867
47.20954373 , 3.74504469
47.52281904 , 3.76793741
47.54445471 , 3.53226982
47.69952969 , 3.49517007
47.93133694 , 3.39494572
48.3952889 , 3.34660271
48.79664163 , 3.13291954
49.06887288 , 3.04611757
49.16374153 , 3.23509807
49.52077415 , 3.23807929
49.73345959 , 2.96985929
49.92396674 , 2.96442909
50.0642845 , 2.82128288
50.59810812 , 2.85270655
50.87903541 , 2.94783033
51.27914543 , 2.76604365
51.66765408 , 2.68700645
51.70440437 , 2.49246697
52.03158866 , 2.38511094
52.19234276 , 2.5082918
52.44924708 , 2.49362971
52.58628033 , 2.64070468
53.12113806 , 2.66309878
53.31064223 , 2.34068835
53.70133066 , 2.25093228
54.10587004 , 2.21578951
54.25363723 , 2.29847109
54.35514563 , 2.01854935
54.53794546 , 1.96299003
54.86693278 , 1.90896775
55.1240471 , 1.734424
55.41770873 , 1.60013935
55.54131497 , 1.83415926
55.70972309 , 1.6159937
55.9544178 , 1.59933903
56.43965642 , 1.53493343
56.5532169 , 1.32845209
56.98403735 , 1.48474927
57.26346557 , 1.46775162
57.39837749 , 1.38443342
57.63165325 , 1.17273044
58.0816215 , 1.36086743
58.19058243 , 1.26695186
58.42803872 , 1.19302499
58.60906483 , 1.31174101
58.93097917 , 1.36190714
59.33164979 , 1.25029012
59.44142336 , 1.13722606
59.640299 , 0.79599021
60.02802691 , 0.93956885
60.44758838 , 0.84947696
60.6085436 , 0.90872691
60.82442752 , 0.8469128
61.21656515 , 0.83343439
61.612624 , 0.65744557
61.86301443 , 0.51264075
62.10709384 , 0.49609067
62.40519315 , 0.32548834
62.6389489 , 0.29088268
62.99569 , 0.35176888
63.05460198 , 0.3822162
63.20898863 , 0.34303801
63.55471609 , 0.28166525
63.65537884 , 0.08386698
64.02698434 , -0.16564852
64.44281773 , -0.23262667
64.56321892 , -0.36872502
64.73558737 , -0.32833909
64.97811552 , -0.52846031
65.26323635 , -0.54198281
65.5925319 , -0.69881241
65.99669243 , -0.87724756
66.41400696 , -0.69167668
66.75892861 , -0.98716157
67.00820337 , -1.06258424
67.40990531 , -1.04743682
67.58082849 , -1.2193004
67.80524202 , -1.13024259
68.11395388 , -1.24363782
68.46636345 , -1.24096578
68.78163507 , -1.30199008
68.98500315 , -1.56045245
69.15911235 , -1.63750815
69.64125225 , -1.68269801
70.09572248 , -1.6679673
70.49561558 , -1.74678903
70.57312951 , -1.80576515
70.93474482 , -1.69792739
71.24384712 , -1.86417928
71.6468968 , -1.87785443
71.82267958 , -1.78546448
71.8953866 , -1.77964105
72.17323208 , -2.06520576
72.63762647 , -2.28803044
72.88820859 , -2.38552163
73.25202564 , -2.34445929
73.5569697 , -2.21865872
73.92933335 , -2.1741714
74.12505054 , -2.53511511
74.41290176 , -2.77213866
74.55378268 , -2.71639761
74.67111474 , -2.86284771
74.93111216 , -2.7104606
75.20786951 , -2.74247327
75.65192291 , -3.00789742
76.13004191 , -3.04177075
76.445554 , -3.1825552
76.73099014 , -3.37164188
76.93374152 , -3.26464391
77.37846733 , -3.18591351
77.6734943 , -3.20998162
77.89323374 , -3.33568238
77.93341141 , -3.49339346
78.24146593 , -3.39732955
78.44671138 , -3.40034275
78.6799557 , -3.31995856
78.96059818 , -3.37432584
79.1301169 , -3.6477063
79.36318739 , -3.7974257
79.57861172 , -3.86004881
79.98097553 , -3.79675884
80.38955298 , -3.84699347
80.81429237 , -3.70635659
81.01530352 , -3.94251023
81.1679272 , -4.02444583
81.58017949 , -3.90463655
81.82416344 , -3.94624426
81.97596869 , -4.18661691
82.2771322 , -4.3355034
82.40302742 , -4.15949103
82.77018348 , -4.22505599
82.90943887 , -4.10123817
83.27902953 , -4.09124822
83.54570081 , -4.13071861
83.82089997 , -4.27770064
84.27331897 , -4.29640085
84.75183775 , -4.48890134
85.08582921 , -4.56340047
85.41681945 , -4.7245492
85.77745058 , -4.80242502
85.92629377 , -4.67367232
86.21998992 , -4.75594068
86.61270701 , -4.83234101
86.64907129 , -4.89145188
86.92283032 , -4.85674404
87.4420025 , -4.81282783
87.81286854 , -4.94602342
87.93623604 , -4.74760659
88.16854688 , -4.92819887
88.54274823 , -4.68198954
88.75512459 , -4.63035816
88.98818554 , -4.706628
89.36034466 , -4.83387774
89.82710445 , -4.77075104
89.997301 , -4.87085733
90.25843097 , -4.72426709
90.80269827 , -4.83044007
90.91534298 , -4.76003961
91.39138727 , -4.79128524
91.71512027 , -4.8838565
91.86936079 , -4.98552018
92.12433012 , -4.98104359
92.34009037 , -4.97085236
92.79325699 , -4.91646609
93.09309733 , -5.11933507
93.5182046 , -5.10173719
93.74890602 , -5.13375518
93.95080448 , -5.21536717
94.48704503 , -5.15707897
94.61020587 , -4.98834526
94.82551811 , -4.80642418
95.31877125 , -4.92584128
95.65213748 , -4.83290965
95.73551018 , -4.77961886
96.01324163 , -4.97134594
96.29631843 , -5.14061979
96.53099915 , -4.97860266
97.09551716 , -5.0604841
97.28721884 , -4.94254633
97.49800106 , -5.06561011
98.03341425 , -5.17724443
98.43779689 , -5.16890245
98.80470139 , -4.88737764
98.86967962 , -4.73529221
99.18380712 , -4.90314824
99.37934276 , -4.71325832
99.87184335 , -4.70594202
99.91341009 , -4.80686389
100.28425539 , -4.59038916
100.64605249 , -4.59583031
100.73126549 , -4.65382712
101.25609115 , -4.74826787
101.38801726 , -4.89528312
101.63971032 , -4.58782629
102.1056186 , -4.42339335
102.34452741 , -4.33837582
102.78748148 , -4.30778821
103.15799382 , -4.41235728
103.19368804 , -4.53725804
103.44296778 , -4.37529942
103.65789484 , -4.3342255
104.10876867 , -4.30938426
104.28541554 , -4.24649913
104.75130425 , -4.29860017
105.00813243 , -4.42052342
105.21708139 , -4.35522666
105.58422187 , -4.32807275
105.80069471 , -4.35277242
105.96728525 , -4.10152674
106.42449624 , -4.08843673
106.85598548 , -4.02091331
107.12320449 , -4.07855391
107.33500573 , -4.05833813
107.53633357 , -4.13017187
108.07539668 , -4.06524278
108.33773303 , -3.78230042
108.59961617 , -3.6952601
109.01296946 , -3.63361937
109.10146864 , -3.59140206
109.49626689 , -3.5585352
109.63515033 , -3.54401881
109.82084145 , -3.43965616
110.04397038 , -3.44480951
110.42959298 , -3.48055498
110.70450943 , -3.33310408
111.01080419 , -3.27735928
111.19147131 , -3.13998639
111.65129099 , -3.26483539
111.87867863 , -3.22657926
112.4183621 , -3.06887547
112.75276929 , -3.21802177
112.87354997 , -3.07251689
113.29245911 , -2.840549
113.67102958 , -2.90810535
113.96127205 , -2.7600391
114.14024041 , -2.68672829
114.39740615 , -2.50390141
114.78207938 , -2.64389792
114.98104451 , -2.55372783
115.12505755 , -2.60140337
115.41465826 , -2.36782008
115.94623528 , -2.53363871
116.20946879 , -2.47186444
116.57614096 , -2.22213364
116.8961581 , -2.03404562
116.97871579 , -1.90578351
117.30676575 , -1.84008143
117.66210009 , -1.98083006
117.98354888 , -2.13260327
118.27589104 , -2.1885074
118.31282942 , -1.98799758
118.65210955 , -2.01359781
118.93171831 , -2.02002905
119.14602476 , -1.66820419
119.66271137 , -1.41238376
120.02005978 , -1.40178944
120.19062061 , -1.47487242
120.44009429 , -1.20676728
120.56096568 , -1.22430991
120.79000793 , -1.29291344
121.13383302 , -1.26693335
121.64486138 , -0.99309519
121.96992524 , -1.07861672
122.28889689 , -0.97850452
122.59012743 , -0.87679241
122.797447 , -0.91656259
122.86264943 , -0.79711438
123.13966849 , -0.56304561
123.60960278 , -0.66579123
123.75969688 , -0.69021357
123.90068982 , -0.47386354
124.40705689 , -0.57918033
124.90337353 , -0.44400635
125.08901633 , -0.28242442
125.53405519 , -0.20291878
125.74768744 , -0.28261565
126.16228248 , -0.1988495
126.33995968 , 0.10451156
126.50101066 , 0.25754822
126.67404905 , 0.19132654
126.98464361 , 0.096314
127.44562339 , 0.33660017
127.59458295 , 0.53451966
127.80066973 , 0.45504511
128.14175248 , 0.40944632
128.34559134 , 0.51456131
128.76385527 , 0.80869826
129.08930727 , 0.91405719
129.38684699 , 0.88712177
129.86285756 , 0.93722571
130.25922703 , 1.01358166
130.48927748 , 1.16216043
130.83565657 , 1.23537787
130.95073506 , 1.33838883
131.41760361 , 1.22285495
131.55014295 , 1.48181182
132.03969417 , 1.44102387
132.45446624 , 1.4676238
132.58073747 , 1.6857302
132.76398676 , 1.760097
133.17510401 , 1.60360557
133.35825171 , 1.73932736
133.51751972 , 1.87197064
133.87105869 , 2.02761413
133.9713782 , 1.86658595
134.37418151 , 1.80833195
134.86440279 , 1.83666434
134.95285935 , 2.03169677
135.14130684 , 1.9424573
135.38103894 , 1.99033086
135.65762148 , 2.09870702
136.10619518 , 2.17142991
136.23348847 , 2.26007646
136.37520898 , 2.29265396
136.65185828 , 2.51192185
137.06675652 , 2.70963375
137.5449884 , 2.86768364
137.73399164 , 2.6835932
138.06152329 , 2.73357445
138.5112911 , 2.64014066
138.56222987 , 2.81665085
138.92656532 , 2.86563063
139.19488593 , 2.78774552
139.41882062 , 3.00038974
139.76640479 , 3.20310724
140.25860434 , 3.20106256
140.39026129 , 3.34174271
140.49964118 , 3.3011466
140.75159415 , 3.16902056
141.07669735 , 3.47581143
141.43713787 , 3.51117447
141.83481093 , 3.5319852
142.00291831 , 3.6123677
142.43817337 , 3.45281088
142.85833384 , 3.49162074
143.24652768 , 3.76731845
143.56837659 , 3.65139017
143.75409997 , 3.8247122
144.1145823 , 3.80944036
144.37454564 , 3.71220578
144.70509379 , 3.99177405
144.66861518 , 4.17464068
145.06430402 , 4.09131706
145.19866352 , 4.16000756
145.65548991 , 4.00789563
145.85385315 , 3.93441789
146.27366988 , 3.96975498
146.3780488 , 4.28022106
146.8625088 , 4.23291719
146.99463826 , 4.44439763
147.15627769 , 4.49931209
147.32945703 , 4.55142451
147.59335255 , 4.71772182
147.88653192 , 4.4965412
148.23350985 , 4.51089956
148.50669439 , 4.40116338
149.010402 , 4.53141839
149.4970977 , 4.7462025
149.87072949 , 4.9097665
150.13477951 , 4.85564475
150.51319803 , 4.96323311
150.85671439 , 5.02864033
151.07519172 , 4.94745187
151.24829043 , 4.85677843
151.48757637 , 4.93207055
151.88563392 , 5.05486003
152.0481497 , 4.81600183
152.22186082 , 4.88689314
152.53976633 , 4.89743726
152.79533475 , 4.97280653
153.02006692 , 4.98617687
153.29954725 , 4.97270589
153.80877019 , 5.01251838
154.11020081 , 4.8224662
154.44918822 , 5.01299771
154.72418175 , 4.80322287
155.17154287 , 4.77521454
155.51116739 , 5.04336508
155.56800026 , 5.13894351
155.91700668 , 4.95460972
156.22325927 , 5.1302281
156.60542248 , 5.13991819
156.73667804 , 4.97213542
156.94096213 , 4.86290086
157.52165016 , 4.7833775
158.02157266 , 4.85975251
158.15827211 , 4.90888996
158.32888199 , 4.91540778
158.4656996 , 4.85755729
158.73803517 , 5.01088422
159.15104188 , 5.18187208
159.44117726 , 5.14139815
159.74799578 , 5.12300737
160.13660652 , 5.13699078
160.66156785 , 5.10996341
160.96202575 , 5.21019416
161.323114 , 5.09003834
161.64737668 , 5.10079783
161.92710052 , 5.16436741
162.04296962 , 4.97114029
162.39763521 , 4.98773399
162.77672584 , 4.99614934
163.02559309 , 4.83139589
163.24583022 , 4.76524405
163.4162697 , 4.90889324
163.73521084 , 4.91271528
164.24520287 , 4.63350082
164.52109576 , 4.49424647
164.74256827 , 4.39281258
165.05355217 , 4.58935776
165.33597246 , 4.73395836
165.49280804 , 4.80571394
165.75762675 , 4.76514677
166.23365113 , 4.60315837
166.72415368 , 4.39017276
166.889603 , 4.34817092
167.27890046 , 4.35820274
167.37069761 , 4.43321967
167.54259963 , 4.44111047
167.97734 , 4.26287583
168.32455479 , 4.41732285
168.58016738 , 4.3278643
168.94900849 , 4.38196132
169.37897234 , 4.16039329
169.45817817 , 4.2641716
169.83069742 , 4.07809453
170.12812765 , 3.98743926
170.4615517 , 4.13238804
170.59483372 , 4.12432863
170.91387833 , 3.85551855
171.20321285 , 4.01913579
171.53619772 , 3.92241909
171.86394247 , 3.8727556
172.06055726 , 3.79714644
172.48155887 , 3.90479876
172.65427375 , 3.95888587
172.98721987 , 3.76126644
173.37708536 , 3.8399302
173.46859545 , 3.76497434
173.78834818 , 3.6029307
174.21826979 , 3.58835546
174.62084078 , 3.30386874
174.85198209 , 3.36997718
175.20150219 , 3.21218497
175.44865997 , 3.26478313
175.73629389 , 3.08234803
176.03825339 , 3.02724502
176.23986989 , 2.8874039
176.62671744 , 2.98776195
176.77592113 , 2.74181139
177.04794433 , 2.78461152
177.40131652 , 2.71827686
177.66371104 , 2.64995128
178.03234035 , 2.59314097
178.04871314 , 2.56001397
178.20930491 , 2.51398155
178.39752764 , 2.47826568
178.87327899 , 2.25561521
179.14862741 , 2.27758714
179.55949865 , 2.43695395
179.71012467 , 2.34866343
180.01811408 , 2.23560864
180.50672874 , 2.34595771
180.7553563 , 2.2359153
180.84351409 , 1.99591025
181.28870094 , 1.86707736
181.40379057 , 1.93546509
181.53763233 , 1.86315792
182.10806894 , 1.61924698
182.32745879 , 1.6630114
182.46585393 , 1.6120893
182.96221148 , 1.55565503
183.0953792 , 1.66438027
183.28157654 , 1.39526073
183.83637285 , 1.52216762
184.23763926 , 1.21974702
184.32987632 , 1.07770955
184.71432426 , 0.98463302
184.97681347 , 1.14696804
185.21714824 , 1.1402178
185.41689762 , 1.00144579
185.77516467 , 0.87284307
186.17053591 , 0.71359016
186.57971 , 0.51114016
186.68543106 , 0.3245622
186.97737501 , 0.56222022
187.20461802 , 0.46808608
187.51770581 , 0.44894186
187.87034493 , 0.33642787
188.05471195 , 0.23677312
188.25687707 , 0.0519596
188.42804927 , -0.04090232
188.66925611 , -0.12323329
189.12792942 , -0.2661649
189.39455297 , -0.11347557
189.64278439 , -0.24306647
190.04459925 , -0.12699691
190.1338632 , -0.26853101
190.4959206 , -0.45794703
190.76606125 , -0.3185225
191.08080096 , -0.4869027
191.23901657 , -0.38699293
191.721929 , -0.3396135
191.90278145 , -0.36866289
191.98424023 , -0.60509013
192.41063919 , -0.83310672
192.51177619 , -0.76476236
192.99783365 , -0.7268988
193.12741864 , -0.73827571
193.64217815 , -1.08768186
193.96856958 , -0.9876121
194.05056572 , -1.29681015
194.24669891 , -1.16467924
194.78262226 , -1.45793858
194.88986968 , -1.38081614
195.32672683 , -1.47802742
195.70674839 , -1.72260372
195.81931821 , -1.80773038
196.12144078 , -1.94163654
196.31978873 , -1.73246306
196.47501631 , -1.86591881
196.76139818 , -2.0201178
197.23582615 , -2.03465334
197.4005499 , -2.16768502
197.87470821 , -2.04458116
198.12762271 , -2.3127007
198.39416363 , -2.28122023
198.51592572 , -2.33260695
199.01031994 , -2.48649457
199.35018661 , -2.53449414
199.40523527 , -2.54583379
199.638519 , -2.61178578
199.77140824 , -2.47495522
200.10835613 , -2.72783883
200.62683819 , -2.63609738
200.73427897 , -2.72596851
200.89708374 , -2.94514643
201.17817039 , -2.85992273
201.58144376 , -2.75682104
201.93882422 , -2.79113339
202.17492097 , -3.12231678
202.67848102 , -3.30299025
202.96944842 , -3.36640315
203.32578053 , -3.19768673
203.64928762 , -3.44077547
203.93259177 , -3.28505242
204.28829411 , -3.42937987
204.52299984 , -3.3782068
204.68178643 , -3.47999348
204.84093182 , -3.51335264
205.06035436 , -3.50453206
205.12228348 , -3.58082682
205.42082462 , -3.63125481
205.55469968 , -3.73867148
205.94345549 , -3.9777936
206.37093786 , -3.99036294
206.68219263 , -4.02917473
206.99345142 , -3.88764049
207.12454412 , -4.11869789
207.29738587 , -4.14250476
207.70927068 , -4.03375492
207.95154625 , -4.22913406
208.2792159 , -4.08733236
208.56676797 , -4.22477445
208.75685806 , -4.29619593
209.02873228 , -4.27636987
209.19726807 , -4.14554641
209.73063376 , -4.15044239
209.98718047 , -4.11724457
210.40527247 , -4.07475202
210.54774861 , -4.04154313
210.65597368 , -4.34913677
210.80816508 , -4.55708898
211.20073472 , -4.53415719
211.74121635 , -4.56311422
212.15650105 , -4.43067017
212.45798015 , -4.68374505
212.67537501 , -4.5164474
212.81488921 , -4.40702077
213.1140363 , -4.35834808
213.45527843 , -4.50517189
213.73551566 , -4.73476088
213.964527 , -4.8314587
214.15739825 , -4.71352061
214.58778088 , -4.8343559
214.73474092 , -4.82620332
215.25585188 , -4.88383288
215.5447267 , -4.8915237
215.68735756 , -5.0351701
215.99492501 , -4.9859631
216.24119304 , -4.93077158
216.47980526 , -4.87117551
216.93670832 , -4.70165553
217.14516064 , -4.69367882
217.27712109 , -4.61249231
217.49975503 , -4.92885217
217.85346399 , -4.87850722
217.980824 , -4.78854382
218.29778646 , -4.84110957
218.47131053 , -5.08485712
218.93319304 , -5.11541706
218.99020179 , -5.07338444
219.19396522 , -4.94063134
219.67828641 , -5.04782222
220.10409725 , -5.0816931
220.30454627 , -5.15217986
220.47168498 , -5.03392643
220.68611513 , -5.14704487
221.01111092 , -5.17412401
221.20170693 , -5.01374959
221.67247075 , -5.02783127
221.89093438 , -5.01592014
222.04765225 , -5.12367942
222.22787882 , -4.92292075
222.54998425 , -5.04310198
222.75962123 , -4.98175908
223.26722117 , -4.85079484
223.50019852 , -4.70749801
223.77105434 , -4.65288407
223.94604123 , -4.88792229
224.08986018 , -4.8938824
224.34060161 , -4.70896424
224.67815843 , -4.62772779
224.90356836 , -4.73236664
225.09905666 , -4.64335735
225.38904381 , -4.78366856
225.58327007 , -4.58895887
225.90378696 , -4.48453803
226.1754351 , -4.68608002
226.61700491 , -4.59633547
226.72683811 , -4.73545551
227.20404757 , -4.61582499
227.61169894 , -4.43106357
227.82478008 , -4.64295915
228.21377288 , -4.4874907
228.4578014 , -4.54691031
228.6705616 , -4.54767869
228.6776441 , -4.4144147
228.79454303 , -4.31490616
229.32853279 , -4.1888327
229.4557104 , -4.11406482
229.57075696 , -4.29228341
229.8794947 , -4.37043415
230.22074034 , -4.37164278
230.63091604 , -4.40269348
231.0923425 , -4.49648227
231.35983107 , -4.29936301
231.43973063 , -4.1971092
231.67021434 , -3.98501682
231.87730502 , -3.92295044
232.12945452 , -3.80307747
232.58278236 , -4.03573793
232.72453558 , -3.97211436
233.23604655 , -4.03616149
233.52982295 , -3.85034371
233.60204758 , -3.85607053
234.04000038 , -3.72582243
234.38871199 , -3.55721389
234.7956678 , -3.78789142
235.03566777 , -3.57112558
235.1120979 , -3.72440532
235.53393075 , -3.81029393
235.81312237 , -3.79031845
236.14864955 , -3.61620932
236.44306966 , -3.58926644
236.7326704 , -3.63098459
236.85708116 , -3.37528006
237.04888599 , -3.32146032
237.20285359 , -3.12439849
237.367363 , -3.17899929
237.75319491 , -3.27440097
238.19671994 , -3.31134804
238.53747786 , -3.13488092
238.9327945 , -3.13680163
239.1908728 , -3.08596862
239.23540293 , -2.97351967
239.51549755 , -2.79903995
239.60457947 , -2.94572824
240.03578807 , -2.88035512
240.13344651 , -2.88458851
240.4779141 , -2.81540276
240.74180937 , -2.70487956
240.9647617 , -2.6049726
241.37550713 , -2.67576357
241.76856526 , -2.40110332
241.89671959 , -2.33007827
241.98664077 , -2.15099935
242.43186162 , -2.05206317
242.78907736 , -1.91133256
243.01707127 , -2.11943712
243.00161204 , -2.10207765
243.26589182 , -2.08517763
243.40208416 , -2.19381665
243.66903516 , -1.92591979
243.87349723 , -1.81920965
244.27239545 , -1.80557804
244.33684621 , -1.87490867
244.66737341 , -1.87163688
245.10161592 , -1.81385826
245.44823129 , -1.71111428
245.7151181 , -1.45898954
245.73559916 , -1.31628971
246.06116547 , -1.37511078
246.26706446 , -1.33874451
246.58037119 , -1.29761806
246.89927842 , -1.08567329
247.07540738 , -1.16460994
247.43811502 , -1.25413527
247.67168208 , -0.93414092
247.68227913 , -0.93366771
247.9801671 , -0.98049455
248.10528636 , -0.94546417
248.2954825 , -1.00124511
248.80092552 , -0.78187098
249.1145286 , -0.55678242
249.47049205 , -0.58118537
249.92100447 , -0.5594881
249.95942605 , -0.26848889
250.31003334 , -0.13739472
250.38959295 , -0.07621192
250.51722514 , -0.1837371
250.87660346 , -0.08183455
251.1655571 , -0.05153301
251.60422168 , 0.04015164
251.71419224 , 0.17570532
252.21200059 , 0.239916
252.32562151 , 0.11960441
252.44198423 , 0.14590359
252.7243097 , 0.2026519
253.06662233 , 0.25405835
253.50730297 , 0.56425222
253.91952771 , 0.69715386
254.07380751 , 0.83120693
254.48291943 , 0.75428007
254.76193727 , 0.9629373
254.85409014 , 1.13946063
255.25189222 , 1.11637319
255.59702305 , 1.1729788
255.67899467 , 1.35070954
255.8115139 , 1.24186631
256.24919895 , 1.27869124
256.74867009 , 1.48472578
256.86346097 , 1.55887905
257.35902334 , 1.39159558
257.51165761 , 1.32796312
257.75747779 , 1.3150521
258.21070064 , 1.62356196
258.35238088 , 1.6376407
258.64691401 , 1.66684198
258.92622619 , 1.77514406
259.02645767 , 1.99334366
259.4425302 , 1.81510437
259.75355348 , 2.09297187
259.92099908 , 2.18079435
260.07163174 , 2.02849487
260.49947608 , 2.17141513
260.85598652 , 2.09596783
261.16200785 , 2.03571292
261.38587369 , 2.06956733
261.84609695 , 2.11364997
262.28126031 , 2.16681251
262.50925616 , 2.39126085
262.86335614 , 2.62294508
262.96777339 , 2.71367275
263.27763664 , 2.80446195
263.28209464 , 3.01665151
263.50173124 , 3.08101384
263.97905166 , 3.01574148
264.05471748 , 2.84491387
264.28368056 , 2.84197558
264.49451621 , 3.04154252
264.84673934 , 3.10900824
264.94863638 , 3.18210613
265.32929913 , 3.01952538
265.75419161 , 3.30663735
265.88595265 , 3.49239075
266.24823494 , 3.38619668
266.34778994 , 3.47063847
266.64371298 , 3.47398641
266.80092857 , 3.56406645
267.11572392 , 3.72762295
267.57696071 , 3.68567674
267.91806175 , 3.84886076
268.29508858 , 3.77675316
268.46100922 , 3.66033927
268.84054227 , 3.67061159
269.0873091 , 3.84155034
269.44235177 , 3.9586428
269.68586423 , 3.79568932
269.7074324 , 3.82411731
270.12379933 , 3.78952041
270.55924867 , 4.07522938
270.67696661 , 4.00019956
271.05327893 , 4.12597432
271.28790651 , 4.11893238
271.64524672 , 4.32655182
271.8785904 , 4.21782169
272.0181505 , 4.35506815
272.17040351 , 4.5392115
272.30226267 , 4.57484193
272.42411066 , 4.46733396
272.9756781 , 4.41990596
273.14291775 , 4.53696195
273.31228967 , 4.40290047
273.5291657 , 4.28231837
273.84059407 , 4.35205912
274.21340071 , 4.45445254
274.54974919 , 4.59342868
274.90160215 , 4.71774185
274.93018786 , 4.51467866
275.35760884 , 4.62703408
275.55039601 , 4.72289669
275.87421683 , 4.81601072
276.1250692 , 4.66470717
276.45048186 , 4.7473635
276.50252351 , 4.85374435
276.83796953 , 4.84178941
277.1460339 , 4.67872742
277.30005546 , 4.64478998
277.65011117 , 4.75444229
277.74043783 , 4.90469167
277.88306121 , 4.76244231
278.08282727 , 4.82548587
278.50825912 , 4.66916995
278.94916743 , 4.9415903
279.18447152 , 5.05609006
279.39649489 , 5.15822464
279.64461538 , 5.16051664
279.77087256 , 4.93921998
280.0263326 , 4.77103436
280.17488455 , 4.77012008
280.47462965 , 4.74794033
280.85230054 , 5.01948854
281.23510517 , 4.95579804
281.21983104 , 5.16347177
281.59283618 , 5.17648068
281.70708543 , 4.99899817
282.06204228 , 5.16091708
282.20996462 , 5.14656258
282.60965644 , 5.04290201
282.94302657 , 4.93314594
283.33421028 , 5.08615534
283.60679765 , 5.08955837
283.88302864 , 4.93967536
284.2312184 , 5.0498322
284.53965801 , 5.16314162
284.64918125 , 5.2366739
284.98401649 , 5.06912008
285.34664822 , 5.17722166
285.55280757 , 5.13762787
285.68875325 , 5.12373453
285.92316733 , 5.15450897
286.33838588 , 4.94556024
286.72288427 , 4.92491737
287.03205682 , 4.77536213
287.30116481 , 4.78549778
287.62622404 , 4.75397258
287.89537385 , 4.70039374
288.13497707 , 4.78573041
288.37777384 , 4.92818806
288.77097194 , 5.06302274
289.04393036 , 4.90056682
289.4581281 , 4.74080877
289.46286213 , 4.58435357
289.66776006 , 4.70334752
289.96390222 , 4.79007804
290.24195563 , 4.84905915
290.43162175 , 4.59791633
290.91646795 , 4.61526718
291.24801185 , 4.50245068
291.42469123 , 4.63372288
291.65783606 , 4.41213209
292.0714267 , 4.50982752
292.2623867 , 4.62056779
292.42596094 , 4.56720155
292.81358941 , 4.34309217
293.0884621 , 4.44628095
293.40068181 , 4.46509667
293.76082635 , 4.56532821
293.89386573 , 4.30855759
294.03284768 , 4.42559299
294.21520096 , 4.48681018
294.37009871 , 4.33069729
294.78066754 , 4.19054872
295.13694769 , 4.2077335
295.5689793 , 4.27032981
295.79227939 , 4.11471051
296.10284566 , 4.15902611
296.32897593 , 4.11351829
296.71683469 , 4.07140683
297.0319638 , 3.89377027
297.19453304 , 3.95256327
297.6488143 , 3.82058847
297.82219494 , 3.93938945
298.11627618 , 3.72957933
298.19018313 , 3.61995282
298.50180257 , 3.52822434
298.70907104 , 3.38168251
299.02698417 , 3.23119286
299.24791548 , 3.34958826
299.33510906 , 3.53232055
299.8630058 , 3.27519247
300.07639714 , 3.31503634
300.47269354 , 3.23628861
300.72656646 , 3.34783833
301.05989484 , 3.34143667
301.16133235 , 3.1075609
301.41732317 , 2.95826721
301.79070575 , 2.76386905
302.06722423 , 2.68586825
302.2666276 , 2.58218749
302.53562982 , 2.81080182
302.9930328 , 2.76889872
303.29615769 , 2.77656394
303.58425251 , 2.54718466
303.96636597 , 2.41568884
303.96841137 , 2.49126951
304.35036045 , 2.34565222
304.49069658 , 2.2304468
304.8629566 , 2.07873839
305.20229213 , 2.18275631
305.49022786 , 2.16900959
305.82864062 , 2.18842653
306.24658228 , 2.20315523
306.43701186 , 2.1895007
306.76205199 , 2.19665963
306.91509469 , 2.11107783
307.14470454 , 1.99222602
307.48523302 , 1.83937019
307.79988896 , 1.56821618
307.95155577 , 1.66570655
308.37663718 , 1.72695652
308.45634774 , 1.70945559
308.76664407 , 1.61279404
309.051553 , 1.57675686
309.56224967 , 1.32980268
309.89285261 , 1.13199362
309.93257838 , 0.97750565
310.24723522 , 1.10669024
310.65038413 , 1.00154199
310.83062985 , 0.97790017
311.13575941 , 0.78586668
311.53800098 , 0.70645655
311.95079458 , 0.73821114
312.23248631 , 0.78201565
312.35318562 , 0.50021644
312.69195078 , 0.45939488
313.11145657 , 0.56798251
313.21505055 , 0.4936001
313.58233718 , 0.2806964
313.81151061 , 0.03264399
314.06157516 , -0.11577634
314.27475407 , -0.01168842
314.66000971 , -0.15134858
314.87332674 , -0.07564205
315.17122569 , -0.22408033
315.29961503 , -0.30637537
315.71942433 , -0.23667506
316.01095124 , -0.19034957
316.38163982 , -0.50016702
316.5914556 , -0.54687376
316.95734008 , -0.4282027
317.16857578 , -0.68855223
317.24051097 , -0.67770697
317.51154991 , -0.56881871
317.82797539 , -0.81732415
317.98984758 , -1.08062882
318.16387607 , -1.22854363
318.60413982 , -1.29191078
318.80852544 , -1.09651139
319.2804329 , -1.10195645
319.40709581 , -1.23083084
319.76901526 , -1.4775668
319.9556661 , -1.34440217
320.2469572 , -1.52779949
320.36764538 , -1.38612752
320.72757653 , -1.4254851
321.05770741 , -1.36120457
321.39972609 , -1.61905998
321.78612387 , -1.7281103
321.90688114 , -1.88980279
321.921123 , -2.00421026
322.22267612 , -1.88484267
322.44524785 , -2.12894094
322.90012115 , -2.02803175
323.30851728 , -2.14919199
323.39882702 , -2.16414391
323.56307479 , -2.07992275
323.79660995 , -2.1404614
324.22362866 , -2.41866692
324.59222181 , -2.59320996
324.56401078 , -2.74361655
324.85364117 , -2.50682651
325.24701418 , -2.59525429
325.43996563 , -2.62169106
325.65536911 , -2.64417783
325.86056426 , -2.62867916
325.96843064 , -2.58813247
326.45030119 , -2.5729016
326.76750372 , -2.69454816
327.12619513 , -2.75141589
327.24810506 , -2.7247991
327.56238886 , -2.91278572
327.88882659 , -2.92798227
328.15313132 , -2.89952867
328.24061581 , -2.95935321
328.50045859 , -3.27552881
328.69625303 , -3.47943397
329.09345968 , -3.61928486
329.25094393 , -3.74449379
329.56753396 , -3.4736939
330.03607703 , -3.57484334
330.3173299 , -3.53799013
330.38386724 , -3.56255941
330.60873791 , -3.51116606
330.80730568 , -3.77523326
331.21566301 , -3.69307617
331.57914455 , -3.84149728
331.92118412 , -3.79039519
331.97389324 , -3.9227036
332.38888744 , -3.76193342
332.66474936 , -4.01563571
332.89170824 , -4.05114995
333.2244679 , -4.00471226
333.55150328 , -4.01380787
333.87515432 , -4.15939774
334.18561076 , -4.29213473
334.45504238 , -4.43178583
334.70342876 , -4.46684818
335.03801537 , -4.49458255
335.17435538 , -4.55920138
335.42523481 , -4.52136019
335.53957777 , -4.62812024
335.96686901 , -4.66283527
336.14863153 , -4.49451287
336.54237036 , -4.50830863
336.85309418 , -4.48103001
336.9925229 , -4.50202041
337.21197797 , -4.56130386
337.53011995 , -4.49540755
337.75977815 , -4.57758495
338.14911014 , -4.61250161
338.25876714 , -4.77071364
338.57594722 , -4.60335144
338.80962564 , -4.80130035
338.91305556 , -4.95680648
339.07815282 , -4.8123361
339.30203453 , -4.87708024
339.50231384 , -5.03171666
339.98228474 , -4.82752979
340.24349839 , -4.894759
340.3653835 , -4.84732172
340.62221151 , -4.80219805
341.11181852 , -4.96524
341.4007645 , -5.04083721
341.66668492 , -5.0655568
342.0655668 , -5.00124171
342.30670086 , -4.827198
342.61565065 , -5.0355551
342.958648 , -5.01088423
342.94561717 , -5.11427638
343.17756511 , -5.08148638
343.53944259 , -5.22945054
343.73291 , -5.30308552
343.93190053 , -5.26154665
344.26583633 , -5.28887857
344.36539558 , -5.34196542
344.57718386 , -5.15661654
345.01737276 , -5.24652853
345.3674396 , -4.99228452
345.78488465 , -4.8531578
345.93713384 , -4.89624184
346.15641991 , -5.11986297
346.60741153 , -5.0092532
346.85891788 , -4.81512406
347.24761358 , -4.87985697
347.49747479 , -4.97387312
347.62644216 , -5.09688404
347.98215436 , -4.89418143
348.25992271 , -4.75691035
348.63056897 , -4.78051326
348.91333945 , -4.76045696
349.02491316 , -4.84814197
349.32016723 , -5.0575829
349.4817493 , -4.88972893
349.71434957 , -4.80537418
350.14217076 , -4.79069749
350.32272103 , -4.83828361
350.44720708 , -4.8783244
350.82000824 , -4.93247558
350.92476062 , -4.7140404
351.34982726 , -4.84162516
351.51916406 , -4.64399499
351.77713641 , -4.72280115
352.00494943 , -4.87709792
352.556626 , -4.84612416
352.96295089 , -4.64345969
353.27172752 , -4.52715396
353.34824468 , -4.36080481
353.48134569 , -4.44362018
353.81606485 , -4.46873267
354.28187901 , -4.34517976
354.41765747 , -4.34310038
354.76786195 , -4.30471481
354.89156278 , -4.39735082
355.25794582 , -4.21122276
355.31252713 , -4.33028585
355.51141764 , -4.48604623
355.74075926 , -4.3613857
356.13957701 , -4.21697518
356.30120348 , -4.20497632
356.68729118 , -4.23996375
356.82670696 , -4.24037077
356.98069879 , -4.10089926
357.4353102 , -4.03335164
357.86274895 , -3.93257104
357.83852473 , -3.94826428
358.04555253 , -4.0425738
358.19764057 , -3.91448881
358.55926556 , -3.9080666
359.02991829 , -3.76948302
359.35668273 , -3.62541718
359.58465883 , -3.81126519
359.83803747 , -3.98258319
360.23487636 , -3.89695573
360.30007964 , -3.65195262
360.58662922 , -3.47445221
360.72542712 , -3.32758109
360.85969409 , -3.2712478
361.37602517 , -3.34256982
361.45942689 , -3.19956591
361.64746177 , -3.21383302
361.9366455 , -3.11904225
362.1437154 , -3.1649059
362.3685299 , -3.06916114
362.85509731 , -3.28011059
363.08549577 , -3.07258491
363.32113608 , -3.0362514
363.59273973 , -3.17255089
363.88530733 , -3.22046561
364.21365014 , -3.02920829
364.3582376 , -3.00693443
364.50307102 , -3.08380076
364.71164602 , -2.81038935
365.29148147 , -2.74664707
365.5739371 , -2.85323447
365.83714856 , -2.90514014
366.11933053 , -2.7255416
366.27701179 , -2.62705212
366.55743375 , -2.65450358
366.77012456 , -2.66794652
367.02731709 , -2.5821884
367.48686009 , -2.60934436
367.81337112 , -2.24510723
368.14995471 , -2.05569423
368.2423501 , -1.9136828
368.65042049 , -1.90120802
368.81817382 , -1.83717657
369.16505617 , -1.7267825
369.43641767 , -1.83936335
369.90607204 , -1.84208906
370.18720201 , -1.74356181
370.27886912 , -1.72588652
370.59046162 , -1.80666866
370.95120836 , -1.58364391
371.13715125 , -1.51712373
371.56633603 , -1.33926135
371.95972609 , -1.14108432
372.06504967 , -1.22321491
372.15399705 , -1.26735041
372.62778215 , -1.10705848
372.95675338 , -1.03422634
373.04588268 , -0.97109618
373.18923076 , -0.96387949
373.23809179 , -0.78475933
373.73971883 , -0.88906337
374.12853968 , -0.72406892
374.18373679 , -0.75733167
374.48827651 , -0.77568255
374.66815186 , -0.81455257
374.84681213 , -0.58931239
375.16527993 , -0.64746212
375.30291916 , -0.58462874
375.63493994 , -0.35183643
376.16712144 , -0.45221453
376.60523862 , -0.14646875
376.99460088 , 0.04083839
377.34512427 , 0.04095515
377.28997228 , -0.09810249
377.50074089 , 0.13003045
377.75002458 , 0.04709145
377.88186046 , 0.06933111
378.33554134 , 0.117226
378.60768709 , 0.40936226
378.94228428 , 0.46738838
378.98505395 , 0.51260975
379.42929535 , 0.40038246
379.64882584 , 0.59006763
379.82811439 , 0.54010203
379.96440442 , 0.768968
380.06646828 , 0.82155777
380.39602806 , 0.72592099
380.75004981 , 0.80190699
381.02484912 , 0.88664414
381.21570324 , 0.92951056
381.36336319 , 1.08445888
381.75854707 , 0.96849841
382.12166497 , 1.17975513
382.19982754 , 1.26535771
382.54907027 , 1.50007151
382.64024928 , 1.49928938
382.99965337 , 1.51202522
383.47589733 , 1.61280043
383.58268977 , 1.76684516
383.89668934 , 1.82193436
383.95783909 , 1.66309271
384.38023329 , 1.56979815
384.76500577 , 1.62121993
384.88211064 , 1.5973344
384.95324051 , 1.57373051
385.18033855 , 1.64287474
385.6547069 , 2.02682259
386.03092767 , 2.23176729
386.41367333 , 2.18992948
386.4706963 , 2.12573292
386.79694071 , 2.14506513
386.98209702 , 2.09036774
387.42904103 , 2.14597114
387.54341228 , 2.28130112
387.7738059 , 2.22037227
387.92948159 , 2.33522819
388.25105835 , 2.47747472
388.60652792 , 2.64527891
388.85177558 , 2.54262025
389.18653287 , 2.77676984
389.59133925 , 3.02782757
389.85638532 , 3.1629994
389.97348228 , 3.01193705
390.30029286 , 2.90194715
390.33332419 , 3.02415306
390.83464465 , 3.21043051
391.16364613 , 3.17712499
391.53239998 , 3.22565835
391.73037039 , 3.16103472
391.86790659 , 3.19960257
391.97940205 , 3.39021474
392.31629672 , 3.59335882
392.45915332 , 3.49070717
392.86595019 , 3.65660211
393.22423494 , 3.73123191
393.37031929 , 3.74628813
393.67288992 , 3.66050075
393.88653137 , 3.71463846
394.1875631 , 3.784199
394.40616471 , 3.86282056
394.90738523 , 4.01790954
394.98398206 , 4.04606249
395.22795542 , 4.1328998
395.60632364 , 4.04885458
395.78970169 , 3.95694086
396.25438481 , 4.09296289
396.58790644 , 4.15620615
396.78288525 , 4.02397002
397.05677086 , 4.17632529
397.25886048 , 4.02695192
397.48815037 , 4.04703251
397.69312503 , 4.18735026
398.30990675 , 4.1161779
398.54119549 , 4.08419098
398.81132333 , 4.2387308
399.09356346 , 4.45251401
399.4770322 , 4.52232073
399.68853344 , 4.41538465
399.85413679 , 4.3399038
400.30762583 , 4.56993628
400.50411319 , 4.57913039
400.95312835 , 4.51642058
401.42415479 , 4.53074296
401.83532782 , 4.75462112
402.12404244 , 4.85165935
402.14923482 , 4.8748545
402.44164275 , 4.65960029
402.69291977 , 4.57409895
402.94708043 , 4.83788178
403.16376343 , 4.68335859
403.41216346 , 4.81420336
403.64560852 , 4.66147166
404.02540984 , 4.62941933
404.60149724 , 4.74464658
404.8110726 , 4.69105507
405.244701 , 4.69328693
405.38150183 , 4.74040451
405.74211308 , 4.72420605
406.23822825 , 4.7892323
406.59400454 , 4.97632662
406.92266555 , 5.15415011
406.97014859 , 5.1250299
407.30285797 , 4.89889645
407.41571302 , 4.84517058
407.83111745 , 5.09725521
408.04497039 , 5.20030957
408.47125294 , 5.27912692
408.80465473 , 5.3318091
409.24037196 , 5.15450938
409.34651912 , 5.15450036
409.61085732 , 5.08411437
410.1006676 , 5.10804999
410.29406809 , 4.87347568
410.53653601 , 4.86537662
410.78638844 , 4.99125735
411.17013716 , 5.04407782
411.24344152 , 5.14992375
411.45980762 , 5.13338979
411.95693409 , 5.13662354
412.26778295 , 5.09788489
412.69558056 , 4.93896862
412.82154133 , 5.09476336
413.08486178 , 4.92709591
413.28868958 , 5.0076472
413.6334101 , 5.11984197
413.7532175 , 5.03391018
414.15884239 , 5.05122116
414.43320519 , 4.92498994
414.58127792 , 4.89493076
415.13663751 , 4.76360987
415.48632671 , 4.62749008
415.78177657 , 4.51584145
416.07221763 , 4.73273568
416.49483288 , 4.66912906
416.62852545 , 4.55426361
417.06952741 , 4.47328134
417.12154005 , 4.43018895
417.55648573 , 4.2932146
417.75704765 , 4.49770435
417.83245014 , 4.44538609
418.11424089 , 4.28535652
418.33473578 , 4.44457609
418.83257139 , 4.36447853
419.08459079 , 4.44348125
419.43721922 , 4.21433402
419.73978698 , 4.19571906
419.83854909 , 4.36428698
420.38115031 , 4.43001095
420.6350168 , 4.26744225
420.95845713 , 4.35799606
421.10417849 , 4.20637101
421.56871502 , 4.00672589
421.93699448 , 3.97654552
422.20340679 , 3.96282322
422.5271473 , 3.92502404
422.51145638 , 4.06119365
422.83650745 , 3.94351249
422.96176535 , 3.74171493
423.08410002 , 3.67661023
423.45926131 , 3.81611854
423.83384203 , 3.64231438
424.10044682 , 3.6924569
424.25965233 , 3.72338827
424.58400744 , 3.70242742
424.70046254 , 3.71526612
424.89538272 , 3.67224599
425.13423089 , 3.61094275
425.67117314 , 3.37395691
426.08503257 , 3.46414073
426.31640876 , 3.47982792
426.39177816 , 3.40912039
426.57679726 , 3.09116986
426.97100463 , 2.87021621
427.36467884 , 3.03190724
427.54811616 , 2.91135939
427.80363751 , 2.68731067
428.23948991 , 2.51558905
428.3008139 , 2.72410869
428.68331814 , 2.51613124
428.9610886 , 2.34730205
429.0818982 , 2.33501278
429.40763645 , 2.20830672
429.72942629 , 2.45987711
429.92787465 , 2.37239302
430.14960765 , 2.24449275
430.35124113 , 2.25826266
430.83664187 , 2.21319842
430.99980225 , 2.30567836
431.24010168 , 2.26819211
431.61767061 , 2.3146353
432.05612528 , 2.19054701
432.14282695 , 1.96121668
432.54237285 , 1.82471971
432.76891292 , 1.70930228
433.00576964 , 1.64702768
433.20523749 , 1.59969462
433.46947552 , 1.75058531
433.66556783 , 1.51282341
433.81559371 , 1.44764078
434.29569785 , 1.42055726
434.61029162 , 1.4551132
434.8028519 , 1.24311034
434.98798045 , 1.36830179
435.31454374 , 1.40210535
435.50628514 , 1.2233786
435.8267025 , 1.22873211
436.02891931 , 1.16707239
436.20985029 , 1.19333088
436.70791642 , 1.15268615
436.83440559 , 1.04233699
437.30672003 , 0.79997504
437.33179834 , 0.58183175
437.42502463 , 0.46492185
437.88372335 , 0.29279568
437.99749129 , 0.52181449
438.31927272 , 0.539351
438.59664236 , 0.54938655
439.02494544 , 0.42304225
439.23044997 , 0.26683905
439.39257639 , 0.15435812
439.74833215 , -0.0723901
439.84229602 , -0.13605164
439.97860907 , -0.06920985
440.14068601 , 0.03787295
440.42778974 , -0.15389353
440.79597954 , -0.08781367
441.07308378 , -0.07730224
441.25806043 , -0.26626499
441.55477439 , -0.35415827
441.62224895 , -0.47061227
441.89664105 , -0.34142551
442.01694894 , -0.51055392
442.38789122 , -0.39157932
442.83070442 , -0.63805469
443.23729114 , -0.81402859
443.51916568 , -0.84977741
443.71201369 , -0.97882814
443.94011474 , -0.99008128
444.16309882 , -1.16883574
444.51775407 , -1.12253134
444.5301394 , -1.22569986
