-0.0011779 , -0.01575244
0.01813765 , -0.03783067
0.0412859 , -0.06018657
0.06345458 , -0.04641092
0.04812701 , -0.04317961
0.0208588 , -0.0600918
0.01705678 , -0.02697763
0.0127138 , -0.05565663
-0.0331558 , -0.00025295
-0.01707096 , 0.05161198
-0.00294218 , 0.02777343
0.01979445 , 0.02718913
0.03647678 , 0.08674534
0.13786583 , -0.00091573
0.2407108 , -0.07342238
0.36858812 , 0.00375016
0.51654665 , 0.08266512
0.61188101 , 0.19526924
0.84450022 , 0.23190578
1.04254272 , 0.24088465
1.29367539 , 0.38327121
1.50767424 , 0.50196301
1.73643329 , 0.52990082
2.0270489 , 0.54977373
2.31242124 , 0.53525215
2.50517033 , 0.52477129
2.70800343 , 0.57260491
2.98089598 , 0.72226302
3.24560184 , 0.724075
3.53311038 , 0.75090411
3.78240407 , 0.94255904
4.07051865 , 0.99663116
4.32864825 , 1.09318125
4.5640239 , 1.1730803
4.85089537 , 1.30756312
5.13965325 , 1.31679846
5.43084241 , 1.37999728
5.73643694 , 1.56170555
6.07629408 , 1.55587915
6.49024269 , 1.57912063
6.78864621 , 1.5634094
7.16639455 , 1.56177861
7.44854771 , 1.59770705
7.80069662 , 1.7443273
8.11749036 , 1.86965435
8.47433938 , 1.85035374
8.84648783 , 1.99266806
9.26263432 , 2.13565301
9.62598206 , 2.34479994
10.03221157 , 2.46743229
10.43748125 , 2.37325406
10.70821945 , 2.34419972
11.00177578 , 2.60423481
11.33773175 , 2.72818672
11.60275401 , 2.78508334
11.93260435 , 2.83553775
12.2823708 , 2.80888304
12.53775638 , 2.99285674
12.85010577 , 3.08477794
13.18138939 , 3.24071449
13.53356651 , 3.20400209
13.77473986 , 3.33338862
14.07299221 , 3.21322589
14.3991957 , 3.34172261
14.64753349 , 3.34344813
14.98054599 , 3.42839859
15.19473351 , 3.54558698
15.46229862 , 3.57265432
15.76781694 , 3.71080854
16.08289418 , 3.65601566
16.40936109 , 3.78937503
16.68915937 , 3.82545671
17.0762269 , 3.9265871
17.43523128 , 3.86171436
17.73680378 , 3.94598223
18.01583451 , 3.89216479
18.32342078 , 3.93101124
18.60438203 , 3.97390376
18.92692745 , 4.06871842
19.17383788 , 3.96072371
19.50848228 , 3.91278535
19.86654449 , 3.94978096
20.0946029 , 4.04035792
20.36422667 , 4.13447643
20.59228641 , 4.07104486
20.82237428 , 4.24066805
21.04480146 , 4.19552084
21.31178285 , 4.14103858
21.6223679 , 4.26545986
21.90394196 , 4.46235552
22.12469019 , 4.57830647
22.43569068 , 4.55557395
22.78870721 , 4.64857291
23.04964443 , 4.57487515
23.28963981 , 4.54342978
23.57993659 , 4.67585718
23.88425965 , 4.75261156
24.14328472 , 4.82785298
24.43562126 , 4.67078247
24.77274807 , 4.77446653
25.032253 , 4.86469418
25.28860552 , 4.73910066
25.54121999 , 4.75004174
25.74815045 , 4.64373315
26.06206983 , 4.64752569
26.33276859 , 4.75296493
26.55399965 , 4.72683632
26.8584602 , 4.64247859
27.10331129 , 4.74352934
27.35463444 , 4.67343983
27.64627834 , 4.71442864
27.8628332 , 4.82537839
28.12369867 , 4.77393836
28.39981772 , 4.75964127
28.66456335 , 4.71460657
28.94656949 , 4.79975562
29.1836345 , 4.88605503
29.49578502 , 4.85801718
29.76121252 , 4.79193836
30.02248451 , 4.76961613
30.25353561 , 4.91583967
30.58906972 , 5.02281081
30.86894496 , 4.99489385
31.10633052 , 5.02084729
31.38068087 , 5.08838701
31.61266522 , 5.12208126
31.91340093 , 4.99890702
32.13766743 , 4.93162155
32.37502397 , 4.92904665
32.59775815 , 4.99060781
32.80908367 , 4.93417804
33.02803909 , 4.88359967
33.3140728 , 4.90829368
33.53679042 , 4.88192002
33.80159594 , 4.96850471
34.01933217 , 5.04961755
34.2849783 , 5.10003564
34.50589531 , 4.97151093
34.82044865 , 4.9905459
35.03964414 , 4.95303287
35.32092883 , 4.8669426
35.63941211 , 4.93844139
35.96773912 , 4.78993688
36.24150107 , 4.75314488
36.44081638 , 4.68214881
36.71061969 , 4.77543409
36.93572008 , 4.74237745
37.17273508 , 4.66488836
37.44329018 , 4.62102195
37.68953359 , 4.71230463
38.00836285 , 4.7999122
38.35713542 , 4.77634444
38.57380324 , 4.6424128
38.82029924 , 4.53141275
39.12736623 , 4.46966252
39.47793249 , 4.37017486
39.77721774 , 4.42974673
40.12193466 , 4.33412078
40.46634913 , 4.4098051
40.79832934 , 4.43811351
41.02819997 , 4.44661212
41.3242281 , 4.48591429
41.54952148 , 4.48804426
41.80294485 , 4.44351331
42.03439916 , 4.39293364
42.25378269 , 4.37278872
42.55998339 , 4.25400826
42.7428098 , 4.10402665
43.02250486 , 4.04684033
43.20841441 , 3.91591051
43.52066422 , 3.82504302
43.71849354 , 3.87856307
43.96076656 , 3.84214417
44.2361382 , 3.87497794
44.57034017 , 3.90657214
44.86189639 , 3.92719744
45.16098311 , 3.94200544
45.3590556 , 3.79423977
45.58894728 , 3.7449682
45.83650792 , 3.66410777
46.15977184 , 3.61791039
46.47664474 , 3.47908639
46.76320154 , 3.39601133
46.99638078 , 3.46229725
47.29275634 , 3.45886078
47.54010226 , 3.30108359
47.78209755 , 3.26707223
47.99315347 , 3.16067488
48.33288003 , 3.16255453
48.61916878 , 3.19868518
48.93407134 , 3.09619444
49.25608063 , 3.03508785
49.46577709 , 2.89012679
49.75190305 , 2.79601651
50.00303559 , 2.82553528
50.27153799 , 2.79954771
50.51011228 , 2.86126552
50.86172245 , 2.88512635
51.10304447 , 2.69582385
51.41504585 , 2.61900704
51.74429903 , 2.57279708
52.00349139 , 2.58546521
52.21857688 , 2.40506506
52.45410505 , 2.33394665
52.73048783 , 2.27521953
52.98102313 , 2.15081957
53.24317138 , 2.04331506
53.47645832 , 2.12905947
53.68770063 , 1.99673437
53.93017536 , 1.96282689
54.25009355 , 1.92048562
54.46150303 , 1.78196454
54.778935 , 1.84003686
55.04930828 , 1.81885325
55.26379902 , 1.75426363
55.4942277 , 1.61930601
55.81808415 , 1.69622159
56.03063178 , 1.62526837
56.27109381 , 1.5634652
56.5008341 , 1.60161139
56.77194557 , 1.62146937
57.06751432 , 1.55647901
57.28370679 , 1.46627132
57.51003748 , 1.24217844
57.81781574 , 1.28136628
58.13956412 , 1.21305707
58.39364355 , 1.21529303
58.64997688 , 1.16237831
58.96113649 , 1.14179972
59.27004895 , 1.03300425
59.54539642 , 0.92338584
59.82056097 , 0.8789733
60.10101867 , 0.75760319
60.36962901 , 0.70153916
60.68311566 , 0.71009898
60.90121673 , 0.69859227
61.12008454 , 0.65824525
61.39632886 , 0.61290518
61.59722795 , 0.47430663
61.87498333 , 0.30716567
62.18735287 , 0.23380348
62.41294757 , 0.11138892
62.64709909 , 0.09016605
62.88311704 , -0.05284118
63.15103913 , -0.09442162
63.43495687 , -0.21007437
63.75480716 , -0.33926224
64.11794949 , -0.25959474
64.42857611 , -0.44928428
64.72570729 , -0.539054
65.08204885 , -0.5613508
65.35271861 , -0.71245098
65.65553105 , -0.704674
65.97178058 , -0.80357111
66.3160445 , -0.83098725
66.64497505 , -0.89535943
66.915894 , -1.08976529
67.17634402 , -1.19053039
67.53523382 , -1.24503049
67.90162295 , -1.25951552
68.24927879 , -1.32383995
68.48763362 , -1.40057136
68.80947658 , -1.36159473
69.10375582 , -1.47358298
69.44019024 , -1.50290794
69.71395252 , -1.47994363
69.93341833 , -1.50298722
70.18575169 , -1.68685835
70.50770234 , -1.84567964
70.78165172 , -1.95064519
71.09859037 , -1.96403226
71.40678024 , -1.9173723
71.73076807 , -1.8976515
71.97827683 , -2.11597921
72.24950344 , -2.29003307
72.48487284 , -2.31361889
72.69117692 , -2.440947
72.95771417 , -2.38684071
73.21901415 , -2.41945306
73.52726367 , -2.58331846
73.88142858 , -2.62468944
74.19511539 , -2.73931821
74.49809804 , -2.89283925
74.79246097 , -2.87585986
75.16588084 , -2.84112062
75.49003332 , -2.87074835
75.77637851 , -2.96930295
75.98645309 , -3.10715151
76.28132552 , -3.08388809
76.53621605 , -3.10934467
76.79615336 , -3.08149186
77.059101 , -3.11931369
77.27177629 , -3.29024586
77.50131573 , -3.4087523
77.72681607 , -3.48316206
78.01055277 , -3.47609718
78.30316293 , -3.51503113
78.62095937 , -3.45234254
78.85981913 , -3.58206094
79.07913273 , -3.65408429
79.36976025 , -3.60986483
79.61535035 , -3.64519516
79.82573804 , -3.79903834
80.08159724 , -3.91462061
80.30619176 , -3.85835566
80.59381152 , -3.90591918
80.82285229 , -3.85936741
81.11185062 , -3.85489709
81.3747867 , -3.8848666
81.63933776 , -3.98327188
81.97311844 , -4.01093278
82.32681439 , -4.13992789
82.65239197 , -4.21707106
82.97858291 , -4.34668507
83.32547635 , -4.42897029
83.61399785 , -4.39075832
83.9297292 , -4.45663952
84.27684058 , -4.51831653
84.50453322 , -4.59029876
84.79681918 , -4.59284822
85.17723671 , -4.56948041
85.51913515 , -4.66272348
85.79831297 , -4.56554509
86.07978769 , -4.69305856
86.43078353 , -4.54772866
86.7256589 , -4.51727166
87.01510799 , -4.57145409
87.34261891 , -4.66741294
87.7197442 , -4.64269033
88.00153506 , -4.72990192
88.3113807 , -4.64953413
88.72023388 , -4.72457947
88.99948563 , -4.69350567
89.39120954 , -4.71812165
89.73913 , -4.79168181
90.02246453 , -4.88101701
90.32714964 , -4.89782254
90.61004749 , -4.90563301
90.97222156 , -4.87191622
91.28683666 , -5.01858375
91.6536242 , -5.02118447
91.95951494 , -5.05735247
92.24468992 , -5.12991224
92.64877638 , -5.09452775
92.92312431 , -4.98376836
93.20964791 , -4.84741457
93.5771343 , -4.90640739
93.90370552 , -4.83977911
94.13844867 , -4.79898132
94.42085983 , -4.92892845
94.70533325 , -5.06191367
94.97240321 , -4.97375017
95.35001225 , -5.03241567
95.61964099 , -4.96083425
95.88102498 , -5.04257091
96.24965814 , -5.1252905
96.59334658 , -5.13288695
96.93226152 , -4.94893386
97.16399041 , -4.828739
97.45994925 , -4.92253341
97.71912127 , -4.78876447
98.07992306 , -4.77065425
98.29919105 , -4.83195584
98.61080645 , -4.68510295
98.93060343 , -4.67714947
99.15688966 , -4.70763377
99.52362501 , -4.78128452
99.77254638 , -4.89363875
100.04486135 , -4.69053328
100.39665526 , -4.56184325
100.68424538 , -4.47759549
101.04311833 , -4.43857345
101.39359562 , -4.50171658
101.62504902 , -4.58408773
101.90194564 , -4.47575509
102.16476473 , -4.43728941
102.50945955 , -4.41655412
102.76685294 , -4.35996129
103.12719448 , -4.39422662
103.42807177 , -4.48048116
103.70049319 , -4.43818157
104.02472919 , -4.41974995
104.29956642 , -4.43238314
104.53983472 , -4.24576309
104.88191288 , -4.21872973
105.23027297 , -4.15798204
105.5340006 , -4.18441088
105.81094603 , -4.16206653
106.07861252 , -4.20752374
106.46104321 , -4.17074137
106.75579745 , -3.95505534
107.05323879 , -3.86261123
107.40907025 , -3.79729687
107.65209463 , -3.73595239
107.9952137 , -3.70009073
108.25029172 , -3.66864158
108.50326211 , -3.57580864
108.76606956 , -3.56271582
109.08701853 , -3.58762876
109.36325919 , -3.47657025
109.65429613 , -3.42454172
109.89249086 , -3.30557788
110.24241876 , -3.38855312
110.51022153 , -3.35501598
110.88574533 , -3.24943909
111.22318407 , -3.34662059
111.46238374 , -3.22958427
111.79421608 , -3.05183082
112.13893323 , -3.0794699
112.44313219 , -2.95694648
112.70517087 , -2.87526009
112.97768078 , -2.7191937
113.31549826 , -2.79998481
113.57448698 , -2.72220212
113.81127145 , -2.73649221
114.072783 , -2.56300266
114.45688304 , -2.68013737
114.74539324 , -2.63359899
115.05754899 , -2.45079038
115.36100055 , -2.29091145
115.57742009 , -2.15197628
115.87125458 , -2.07596418
116.19462864 , -2.15577463
116.510007 , -2.26144059
116.80567191 , -2.31213984
116.984413 , -2.16680471
117.26733546 , -2.1787769
117.53345354 , -2.17848
117.75563143 , -1.91911609
118.09537129 , -1.71711908
118.41560986 , -1.67175274
118.67814414 , -1.68721043
118.93732822 , -1.47891869
119.16481095 , -1.44895888
119.42401871 , -1.47548433
119.71643819 , -1.45653087
120.06183888 , -1.27529788
120.38535227 , -1.31311299
120.69368912 , -1.232678
120.99720116 , -1.14407596
121.27469696 , -1.14484851
121.47549989 , -1.0296134
121.72964134 , -0.84201075
122.08756073 , -0.8980001
122.33360995 , -0.89160325
122.54315869 , -0.7182824
122.90853854 , -0.78832292
123.27491102 , -0.70032336
123.53699541 , -0.5571506
123.8974371 , -0.48287732
124.19705724 , -0.5092026
124.56009066 , -0.44054538
124.82385845 , -0.17830951
125.08226103 , -0.01158545
125.35204252 , -0.01335471
125.66921631 , -0.06659627
126.01913236 , 0.10387057
126.2597887 , 0.28902045
126.53341943 , 0.27025943
126.85333525 , 0.24653127
127.1089681 , 0.34325275
127.431309 , 0.57592565
127.75098336 , 0.6919196
128.08095642 , 0.70411256
128.48456492 , 0.74700467
128.86810357 , 0.81833488
129.17722126 , 0.96725311
129.53332433 , 1.05050138
129.7867334 , 1.17905039
130.19431564 , 1.09449915
130.43162403 , 1.32661832
130.83284415 , 1.30102846
131.21082739 , 1.32474017
131.45223822 , 1.52833048
131.71057723 , 1.62474022
132.07655845 , 1.51051521
132.32599545 , 1.62854602
132.55154409 , 1.7547832
132.8416812 , 1.88604395
133.06102014 , 1.79998753
133.37615962 , 1.74255028
133.72831424 , 1.73675986
133.92055697 , 1.89378898
134.15248539 , 1.84567293
134.38443456 , 1.8823642
134.62255233 , 1.96347226
134.92991009 , 2.0133701
135.1281776 , 2.09823719
135.32078433 , 2.14424184
135.54162551 , 2.31157767
135.81891253 , 2.46606147
136.13743718 , 2.59440489
136.39121652 , 2.50479744
136.67129671 , 2.54119411
137.01474587 , 2.46836515
137.20106643 , 2.60931427
137.49821014 , 2.65197962
137.77962821 , 2.61022795
138.02351801 , 2.77240566
138.31165376 , 2.93579613
138.67760767 , 2.95093772
138.91346519 , 3.08386777
139.1364729 , 3.09453412
139.40402629 , 3.01772174
139.66592981 , 3.23031213
139.9663531 , 3.27392069
140.29049693 , 3.29912464
140.53233966 , 3.37774273
140.87768483 , 3.27419462
141.21424799 , 3.29010347
141.53222449 , 3.47661067
141.85549486 , 3.42296513
142.10997945 , 3.55750435
142.42556791 , 3.56688628
142.71226577 , 3.51990708
142.99700352 , 3.70648309
143.15393087 , 3.87377165
143.45299754 , 3.84750971
143.66332819 , 3.91983098
143.99551336 , 3.82412644
144.24649693 , 3.77843818
144.56820361 , 3.79017683
144.77593763 , 4.0165806
145.12728788 , 4.00224539
145.35651395 , 4.17279142
145.58954425 , 4.24726833
145.81727212 , 4.31390673
146.06153226 , 4.44857463
146.34073865 , 4.32736773
146.62830997 , 4.33248386
146.90327012 , 4.26033791
147.24648057 , 4.32767929
147.6003709 , 4.46880591
147.93271577 , 4.59947045
148.24098869 , 4.59779901
148.57522524 , 4.68494242
148.90316501 , 4.75036648
149.19622377 , 4.72357562
149.46357708 , 4.6800069
149.73306404 , 4.73604728
150.05666014 , 4.82480477
150.32393858 , 4.68624247
150.56915825 , 4.73501533
150.85830996 , 4.74610878
151.12510202 , 4.8045651
151.37909461 , 4.82845946
151.64789969 , 4.83099556
151.99955579 , 4.85952979
152.30801577 , 4.73659666
152.62235062 , 4.86441456
152.93204627 , 4.72831915
153.30012432 , 4.6995745
153.63841048 , 4.88958943
153.87762487 , 4.98466168
154.20527421 , 4.87510346
154.5145087 , 5.00256237
154.85470446 , 5.02367029
155.11433584 , 4.91630222
155.38461185 , 4.83292671
155.78609026 , 4.75759347
156.18470598 , 4.79943674
156.46457999 , 4.83746219
156.73930698 , 4.84928383
156.98814443 , 4.8132716
157.2713901 , 4.92727732
157.60549335 , 5.0668604
157.90523614 , 5.06045945
158.20992161 , 5.05841239
158.54658024 , 5.07328927
158.945302 , 5.05409862
159.27833639 , 5.12988043
159.63374728 , 5.04770241
159.97461178 , 5.05158242
160.29706321 , 5.09925929
160.55730041 , 4.95867723
160.88879036 , 4.95995505
161.2359988 , 4.96137558
161.54063492 , 4.83288323
161.82735844 , 4.76887219
162.08783844 , 4.86742086
162.39460201 , 4.87539756
162.77779734 , 4.66274505
163.09174172 , 4.53291565
163.38136902 , 4.42687378
163.70895912 , 4.56309646
164.02577386 , 4.68142309
164.28709048 , 4.7487274
164.573315 , 4.73088594
164.93927551 , 4.61102819
165.32974431 , 4.43264821
165.61161293 , 4.37127291
165.96962355 , 4.36480345
166.21631348 , 4.40866488
166.46893738 , 4.41106068
166.8066915 , 4.27552025
167.13464882 , 4.38885888
167.41926561 , 4.322591
167.74625761 , 4.36578832
168.09159594 , 4.20002731
168.3195923 , 4.25817624
168.62828161 , 4.11541707
168.91695448 , 4.03071324
169.22717488 , 4.12783897
169.45597919 , 4.11738799
169.73160497 , 3.91274113
170.01729379 , 4.01911409
170.31044531 , 3.94704459
170.60918666 , 3.90419264
170.85958279 , 3.83420414
171.19741347 , 3.91306027
171.4488451 , 3.95258767
171.74039718 , 3.80817466
172.07054354 , 3.86189298
172.28719474 , 3.79443959
172.57079493 , 3.66347663
172.90841059 , 3.64064191
173.23843119 , 3.41222489
173.52702612 , 3.43003575
173.84369991 , 3.29665045
174.13628593 , 3.31429794
174.42506226 , 3.16389515
174.72658064 , 3.10181908
174.98338599 , 2.9697426
175.32418929 , 3.03290795
175.55396018 , 2.82579398
175.84134008 , 2.83431395
176.15378205 , 2.77711772
176.43598576 , 2.70950464
176.76026661 , 2.65926991
176.94994975 , 2.59973586
177.17017577 , 2.5438537
177.39287213 , 2.49935867
177.7118058 , 2.33739713
177.99065946 , 2.33230486
178.33599742 , 2.45369357
178.56695277 , 2.3825379
178.84555177 , 2.29633517
179.21662322 , 2.38664547
179.49360972 , 2.3020877
179.69214521 , 2.09757989
180.02041755 , 1.98604967
180.24743932 , 2.00010047
180.45467643 , 1.92387014
180.81006742 , 1.74942619
181.07718281 , 1.75061186
181.2982303 , 1.68710952
181.65022464 , 1.64969113
181.89227177 , 1.70854423
182.11025447 , 1.50065989
182.49853163 , 1.59832638
182.81771795 , 1.3813519
183.0343491 , 1.23729706
183.34663213 , 1.14963724
183.63888726 , 1.24025105
183.90371689 , 1.23137979
184.134916 , 1.12607006
184.41866121 , 1.02892245
184.72238767 , 0.9063174
185.03910236 , 0.74612642
185.25135937 , 0.56546926
185.55437547 , 0.69734536
185.80589604 , 0.62312099
186.09110658 , 0.60407566
186.38494473 , 0.52637574
186.61989076 , 0.4377805
186.84296503 , 0.28860392
187.05411914 , 0.18983237
187.2843485 , 0.10541687
187.59227814 , 0.00119544
187.87290403 , 0.07637966
188.12131575 , -0.01680913
188.44501515 , 0.05699042
188.64132503 , -0.05208969
188.91781621 , -0.18395974
189.19425874 , -0.11775145
189.46392905 , -0.23163429
189.69685753 , -0.19459552
190.03357722 , -0.15551545
190.27452607 , -0.18306388
190.45692165 , -0.35846819
190.74873965 , -0.52718935
190.95798261 , -0.53087048
191.29273037 , -0.51311773
191.5171459 , -0.54144995
191.84682662 , -0.76799998
192.1593984 , -0.73526627
192.35903947 , -0.96871863
192.60930263 , -0.92665288
192.94860189 , -1.11656335
193.18288098 , -1.11332369
193.50921855 , -1.18205085
193.81779938 , -1.35013103
194.04636769 , -1.45025092
194.31947771 , -1.56434008
194.58251466 , -1.47486707
194.79563034 , -1.57222845
195.0451633 , -1.68125772
195.37339674 , -1.69979705
195.60011398 , -1.80630109
195.94150997 , -1.74498338
196.19529731 , -1.91483399
196.46902722 , -1.92835159
196.68515092 , -1.98984249
197.00816972 , -2.08674778
197.30133671 , -2.14037146
197.50295169 , -2.18765416
197.74031845 , -2.25080873
197.95366058 , -2.20425377
198.20249569 , -2.35235813
198.54112184 , -2.31345889
198.75452082 , -2.38780971
198.96585677 , -2.53807754
199.22194569 , -2.52424931
199.52339945 , -2.4786136
199.81542802 , -2.50086675
200.0586683 , -2.69859452
200.39181718 , -2.82642633
200.680484 , -2.90508708
200.99960728 , -2.84598854
201.29370621 , -2.99605578
201.59877763 , -2.943027
201.91081716 , -3.03474519
202.19654696 , -3.03418294
202.44420395 , -3.1147117
202.68006718 , -3.16376176
202.93139726 , -3.18501582
203.12538732 , -3.25561036
203.37703793 , -3.30460891
203.5776348 , -3.39173536
203.84583158 , -3.54461676
204.15084969 , -3.58337602
204.43047509 , -3.63269117
204.72561019 , -3.57847177
204.94214137 , -3.72344958
205.16768692 , -3.76943356
205.47524852 , -3.72259497
205.73060679 , -3.85058182
206.03362535 , -3.79037019
206.32006732 , -3.8838415
206.57936492 , -3.95427521
206.86275782 , -3.96892768
207.11681944 , -3.91716567
207.47737603 , -3.91586758
207.7690946 , -3.90681833
208.10881781 , -3.88572195
208.36165124 , -3.87839041
208.57881833 , -4.06504466
208.79695515 , -4.21983623
209.08383318 , -4.24719536
209.4341104 , -4.28573957
209.77045423 , -4.23064475
210.06884574 , -4.38116666
210.35230334 , -4.31571421
210.60040179 , -4.26549456
210.88363201 , -4.23568913
211.17788767 , -4.31578381
211.4559776 , -4.46070503
211.72363381 , -4.54727315
211.97922216 , -4.51340667
212.29677766 , -4.59073767
212.54082935 , -4.61006196
212.88999113 , -4.65003802
213.18592961 , -4.67018993
213.42881483 , -4.76754169
213.71416195 , -4.76201379
213.98278756 , -4.74554328
214.24641026 , -4.71999601
214.58438913 , -4.62182896
214.85312665 , -4.61026683
215.09209481 , -4.56526857
215.33742416 , -4.7361167
215.62236092 , -4.73313858
215.84358653 , -4.70256669
216.11285768 , -4.73832314
216.33707926 , -4.88618379
216.64910957 , -4.92982704
216.85244736 , -4.93278129
217.0810747 , -4.8721372
217.39877045 , -4.92873884
217.71861355 , -4.95408746
217.98282354 , -5.00551632
218.23630669 , -4.95258191
218.49249625 , -5.01872127
218.77917522 , -5.04374288
219.03085614 , -4.96591097
219.36019087 , -4.96629767
219.6232696 , -4.96042244
219.85620821 , -5.02338916
220.09135617 , -4.92350683
220.35849086 , -4.98536565
220.60239221 , -4.95838368
220.938421 , -4.88432866
221.20499988 , -4.79558369
221.48515229 , -4.75085045
221.73637938 , -4.87397157
221.96843383 , -4.88996724
222.22032955 , -4.79675977
222.49752729 , -4.74553856
222.74904012 , -4.79431995
222.98764827 , -4.7460952
223.25332797 , -4.8188777
223.48552843 , -4.71904306
223.75282197 , -4.65258537
224.01115141 , -4.74758345
224.32005385 , -4.70670768
224.54159256 , -4.77760043
224.86198718 , -4.72282953
225.17730726 , -4.61809131
225.44769733 , -4.71633074
225.7631109 , -4.63426561
226.04367273 , -4.65644239
226.31055643 , -4.65249549
226.50651281 , -4.57088336
226.71610424 , -4.49957803
227.04713003 , -4.41560353
227.27139424 , -4.35012325
227.47994801 , -4.42820525
227.73700934 , -4.47601753
228.01184795 , -4.486558
228.32639711 , -4.51304027
228.67623583 , -4.57689983
228.97675027 , -4.4670598
229.21508128 , -4.39046747
229.47997549 , -4.24714423
229.73337493 , -4.178921
229.98965939 , -4.08282805
230.32361767 , -4.19422958
230.56547927 , -4.15496831
230.91390648 , -4.19374657
231.20638913 , -4.08922444
231.4315662 , -4.0721763
231.75371586 , -3.99105129
232.05934307 , -3.87800204
232.39981662 , -3.98550244
232.68383108 , -3.86021592
232.91799883 , -3.9199398
233.23854908 , -3.96970723
233.52231783 , -3.96189108
233.81854929 , -3.86336052
234.11115181 , -3.8308812
234.40297024 , -3.83804686
234.63590614 , -3.67954745
234.88226911 , -3.61763635
235.10793917 , -3.47938651
235.33086347 , -3.47179047
235.61674136 , -3.50806199
235.93183457 , -3.52808045
236.22299203 , -3.43397757
236.53920489 , -3.42268896
236.81856614 , -3.38226286
237.02046868 , -3.2999673
237.27550329 , -3.18501598
237.48443149 , -3.22789671
237.78150479 , -3.18761012
237.9903374 , -3.17010153
238.25921814 , -3.12457236
238.51231839 , -3.04916478
238.7536611 , -2.97169168
239.0618429 , -2.99287764
239.36639321 , -2.83104677
239.60528098 , -2.7527631
239.81811639 , -2.61513834
240.13502427 , -2.53153259
240.4381963 , -2.42470238
240.71989602 , -2.49731178
240.90474606 , -2.46391595
241.149547 , -2.4452462
241.36305767 , -2.48727843
241.59368672 , -2.3433388
241.81003386 , -2.2593083
242.09405528 , -2.2308248
242.28863279 , -2.23537164
242.55309363 , -2.22298126
242.8507627 , -2.18788519
243.13549051 , -2.11938163
243.39668953 , -1.95759601
243.58153516 , -1.82762584
243.85703976 , -1.82081483
244.10051829 , -1.77040195
244.37121845 , -1.72644407
244.64253109 , -1.5900087
244.88699447 , -1.59435796
245.18914782 , -1.62818837
245.43447663 , -1.43901688
245.61555041 , -1.38948774
245.87721528 , -1.38975868
246.08534901 , -1.34383625
246.3089004 , -1.35294736
246.62209026 , -1.2315782
246.89317746 , -1.07931282
247.19986279 , -1.0570523
247.54035135 , -1.02550313
247.74294502 , -0.8222575
248.03882295 , -0.70805218
248.25428331 , -0.61795686
248.47951489 , -0.63128786
248.75961444 , -0.56012228
249.03171998 , -0.52051447
249.35186259 , -0.45831098
249.57684077 , -0.34551712
249.92370138 , -0.29079048
250.16940635 , -0.31505655
250.39027913 , -0.27344842
250.65123211 , -0.22422609
250.93201388 , -0.17865477
251.23583726 , 0.00522427
251.55077333 , 0.11601421
251.79041301 , 0.24448548
252.12115213 , 0.23921904
252.40598766 , 0.38916211
252.6290756 , 0.54434934
252.95647907 , 0.56920466
253.27338434 , 0.63082988
253.49584317 , 0.7791271
253.73923083 , 0.76674453
254.06846822 , 0.7992521
254.4195839 , 0.92447529
254.66586935 , 1.01527197
255.04349411 , 0.9414242
255.31231136 , 0.93093388
255.59387687 , 0.93885644
255.91932475 , 1.11820872
256.16717575 , 1.17455924
256.45234192 , 1.22558257
256.72869382 , 1.31926642
256.9385544 , 1.4894309
257.26212387 , 1.4239795
257.54251458 , 1.60251974
257.78393725 , 1.69846865
258.02590126 , 1.65429372
258.33625023 , 1.74380779
258.65001238 , 1.72003974
258.95360731 , 1.69809635
259.22630171 , 1.72987689
259.56630686 , 1.75953382
259.90950353 , 1.80030129
260.18923151 , 1.95287465
260.50476804 , 2.11895856
260.74794933 , 2.22659739
261.03681217 , 2.32019998
261.21984109 , 2.48748395
261.4497221 , 2.57190719
261.77003887 , 2.56520537
261.98441135 , 2.50621491
262.22482824 , 2.50996319
262.44790906 , 2.62296497
262.7179073 , 2.67538672
262.91456916 , 2.74555069
263.1971399 , 2.67724657
263.48279711 , 2.83140203
263.68828718 , 2.97226594
263.98472169 , 2.94864672
264.19537791 , 3.02929542
264.46277921 , 3.05675114
264.68650465 , 3.13658
264.95659482 , 3.25279043
265.28787274 , 3.25313631
265.59115338 , 3.36452335
265.91991781 , 3.35304596
266.18588477 , 3.31639773
266.50279608 , 3.32722185
266.77294164 , 3.4348937
267.07237942 , 3.5235357
267.35374094 , 3.46670282
267.55562596 , 3.50916581
267.87057643 , 3.5021478
268.18878538 , 3.66933534
268.42966998 , 3.66933249
268.7336093 , 3.75855282
269.00446284 , 3.78485625
269.30045549 , 3.91975033
269.5758662 , 3.89467054
269.8088647 , 3.99416696
270.03283046 , 4.12681962
270.24711748 , 4.1864774
270.45290323 , 4.16154251
270.78799938 , 4.13528207
271.01222885 , 4.20888806
271.24062997 , 4.15454538
271.47883978 , 4.09292805
271.73877364 , 4.12473468
272.02300257 , 4.18266237
272.30014442 , 4.27232201
272.58804272 , 4.36407329
272.79041427 , 4.29204305
273.09215073 , 4.35846325
273.32852214 , 4.43191477
273.60328924 , 4.50529133
273.87174805 , 4.44697263
274.15802489 , 4.49991197
274.35968691 , 4.58020023
274.63874364 , 4.5926131
274.92156089 , 4.51723945
275.15428735 , 4.50168318
275.43511744 , 4.5588453
275.63858587 , 4.65514761
275.85060293 , 4.60381942
276.06582757 , 4.64506287
276.35396175 , 4.56965843
276.65387266 , 4.70779884
276.90773672 , 4.79052424
277.14655102 , 4.87180219
277.39424373 , 4.90107435
277.60799399 , 4.80576578
277.85313735 , 4.71303565
278.06242377 , 4.70150895
278.31400033 , 4.68137069
278.59064277 , 4.82335145
278.88620187 , 4.80745835
279.06296984 , 4.93762259
279.34277905 , 4.9695804
279.55219943 , 4.89318308
279.8274379 , 4.98381075
280.05028803 , 4.99224727
280.34604045 , 4.94121585
280.63536195 , 4.87776247
280.9440003 , 4.95582021
281.22530077 , 4.96678153
281.51309564 , 4.88803925
281.82249512 , 4.94929417
282.12738926 , 5.0255086
282.37299453 , 5.08803303
282.68109579 , 5.00639506
283.00263066 , 5.07001279
283.27948283 , 5.05772749
283.52204522 , 5.05572293
283.78281097 , 5.07689603
284.09834384 , 4.9594913
284.41393431 , 4.93469175
284.71714553 , 4.83950427
285.00517906 , 4.83042378
285.30918982 , 4.80541015
285.60234826 , 4.76990285
285.88206637 , 4.8138672
286.15775512 , 4.90065943
286.47661639 , 4.99526418
286.75906745 , 4.92492098
287.08494402 , 4.83612124
287.2856438 , 4.73052732
287.53110235 , 4.77839848
287.80593167 , 4.82470891
288.07778236 , 4.86319704
288.32187109 , 4.72104437
288.6607445 , 4.71798482
288.96271415 , 4.64349015
289.22333356 , 4.70307421
289.48605953 , 4.57479447
289.80590689 , 4.61586846
290.06482795 , 4.67443146
290.30314844 , 4.64800756
290.60487144 , 4.52117848
290.88735736 , 4.56053682
291.17836401 , 4.56653207
291.48393312 , 4.62039314
291.71761515 , 4.4849287
291.94012531 , 4.52789874
292.16170927 , 4.55576932
292.36109137 , 4.4708783
292.63508392 , 4.38410843
292.91330773 , 4.37532843
293.22259393 , 4.40115035
293.4792452 , 4.3078149
293.76454771 , 4.31916576
294.03066418 , 4.28417151
294.34856142 , 4.25293871
294.6504154 , 4.14014628
294.91206779 , 4.14933813
295.25550488 , 4.06747612
295.52799625 , 4.11242881
295.81476254 , 3.99183456
296.03202477 , 3.90500624
296.30523957 , 3.83180412
296.54375273 , 3.72514638
296.8119671 , 3.61541781
297.06447576 , 3.64729618
297.27179052 , 3.72929918
297.59385455 , 3.6016844
297.84825073 , 3.60455086
298.1560997 , 3.55403338
298.4381242 , 3.60140571
298.7423182 , 3.5941221
298.96790068 , 3.44242102
299.2301738 , 3.32654265
299.52909924 , 3.18321889
299.81297766 , 3.09716084
300.07200318 , 2.99834034
300.36393667 , 3.09285601
300.70124476 , 3.07197792
301.003407 , 3.06833474
301.28030416 , 2.93224342
301.59214379 , 2.83549449
301.79818624 , 2.83326955
302.09338466 , 2.73380071
302.32760721 , 2.63143081
302.63133874 , 2.51673967
302.95000125 , 2.54492192
303.24579564 , 2.5192108
303.56057386 , 2.51694665
303.90395236 , 2.51924471
304.17427809 , 2.49538228
304.47863485 , 2.48784955
304.72308203 , 2.4195712
304.97950656 , 2.3279822
305.26671999 , 2.21353281
305.54862768 , 2.02103645
305.79640107 , 2.02546217
306.12864619 , 2.04220998
306.35507247 , 2.00717365
306.63730894 , 1.93796445
306.91845427 , 1.89804841
307.26561218 , 1.74637549
307.5754534 , 1.59904479
307.79137798 , 1.45524921
308.09110505 , 1.48823938
308.41195691 , 1.41490826
308.66750612 , 1.37177788
308.94838758 , 1.24309034
309.26967724 , 1.17318809
309.6106563 , 1.16850518
309.91870432 , 1.17141981
310.14908275 , 0.98249333
310.45173652 , 0.92404689
310.79844457 , 0.96270361
311.03968095 , 0.8894785
311.34637141 , 0.74662774
311.61183654 , 0.56277624
311.8849674 , 0.4270404
312.15808376 , 0.43229083
312.46547516 , 0.33438612
312.73328404 , 0.33928878
313.00595872 , 0.24178313
313.22776332 , 0.16142986
313.53827987 , 0.1785809
313.81439454 , 0.18795804
314.09924295 , 0.01326513
314.35315941 , -0.05323552
314.66143346 , -0.0161193
314.90774729 , -0.18486299
315.11417338 , -0.229108
315.38457464 , -0.19759881
315.65408362 , -0.35289327
315.8773053 , -0.54271955
316.10491098 , -0.67914478
316.41888494 , -0.75195287
316.68392104 , -0.69047678
317.01368612 , -0.69474696
317.23605179 , -0.78605479
317.51588733 , -0.93938392
317.77123128 , -0.90923125
318.04006978 , -1.03140439
318.27369761 , -0.99513103
318.56474993 , -1.02786327
318.8594132 , -1.0073555
319.14357599 , -1.15887311
319.45580421 , -1.24755026
319.68273782 , -1.382937
319.86505342 , -1.50371409
320.13574426 , -1.47978068
320.36381047 , -1.63881415
320.68411315 , -1.61076237
320.99731856 , -1.68975396
321.22196706 , -1.73508197
321.45928714 , -1.71930681
321.69894835 , -1.76715411
321.98915978 , -1.92757312
322.28193003 , -2.05524802
322.45545132 , -2.19706008
322.72832337 , -2.11372191
323.02221088 , -2.17047103
323.26570949 , -2.20993891
323.50477786 , -2.24514755
323.74292757 , -2.259542
323.9493007 , -2.26212825
324.26462927 , -2.25456784
324.5386953 , -2.33059349
324.83435046 , -2.38023284
325.06238148 , -2.39709567
325.3305434 , -2.52129478
325.61631153 , -2.56060497
325.89243919 , -2.57287495
326.10676089 , -2.63587097
326.35050414 , -2.84025825
326.58259069 , -3.00294668
326.88010088 , -3.12363443
327.11198985 , -3.24444523
327.40762932 , -3.13131985
327.73960202 , -3.18411025
328.03550052 , -3.17798193
328.2558607 , -3.21410177
328.51182 , -3.20156468
328.73457303 , -3.36006685
329.03873317 , -3.33826354
329.33023253 , -3.43483404
329.63315099 , -3.43211907
329.83562009 , -3.53718405
330.1545444 , -3.47045907
330.41764692 , -3.62338975
330.67553835 , -3.67746413
330.97155141 , -3.6779053
331.26930865 , -3.70050404
331.5607425 , -3.79650521
331.85105366 , -3.89538282
332.12700961 , -4.00511509
332.39537209 , -4.06269179
332.69173454 , -4.1066364
332.92872832 , -4.17471012
333.19190415 , -4.18059037
333.40586005 , -4.26453754
333.71656248 , -4.29950817
333.97038085 , -4.23265168
334.27527302 , -4.23908331
334.56278318 , -4.23002264
334.79383796 , -4.25437214
335.03832232 , -4.30064515
335.31501079 , -4.27946522
335.56494297 , -4.33758817
335.8645201 , -4.37189159
336.08237459 , -4.48428846
336.36498607 , -4.41905465
336.61285205 , -4.53991637
336.81964246 , -4.65534184
337.03950659 , -4.60948829
337.26439708 , -4.65803895
337.47638536 , -4.76058994
337.79082789 , -4.6613705
338.04951342 , -4.70038382
338.26566406 , -4.68571164
338.51539399 , -4.66405148
338.83731866 , -4.75297367
339.11918164 , -4.81262475
339.39673503 , -4.84732819
339.72216791 , -4.82567612
340.009439 , -4.73811666
340.30309217 , -4.8497582
340.61085906 , -4.85118258
340.80443673 , -4.92638699
341.05173897 , -4.92822188
341.33401857 , -5.02042655
341.57198902 , -5.08437874
341.80641829 , -5.0852563
342.07905381 , -5.11184502
342.28128143 , -5.15695675
342.5107683 , -5.06811758
342.80578284 , -5.10998403
343.09832204 , -4.96858103
343.42102069 , -4.87220912
343.66937093 , -4.88216302
343.92406101 , -5.00782444
344.25433231 , -4.96161998
344.53603065 , -4.85747184
344.85674432 , -4.88827396
345.1453375 , -4.946075
345.39005107 , -5.02889959
345.69270302 , -4.93137508
345.97924499 , -4.85054852
346.29231372 , -4.85317624
346.58520141 , -4.83668989
346.82014635 , -4.88177852
347.10261521 , -5.00650885
347.34004282 , -4.93011544
347.59193212 , -4.88190061
347.90347473 , -4.86708807
348.15072527 , -4.88650672
348.36518391 , -4.90744026
348.64595532 , -4.9415289
348.85328038 , -4.82180483
349.15574887 , -4.88217082
349.38862476 , -4.76948821
349.64445265 , -4.79973888
349.89225692 , -4.8842207
350.23809675 , -4.87897309
350.56405586 , -4.76730062
350.87068549 , -4.68727949
351.10252732 , -4.57127121
351.33487438 , -4.59291938
351.62363264 , -4.59919792
351.95980146 , -4.52892785
352.2076027 , -4.51343607
352.50737834 , -4.48574017
352.73729329 , -4.52596078
353.02517773 , -4.42625235
353.23022093 , -4.47326847
353.4653245 , -4.55657559
353.69981112 , -4.49861193
353.98196039 , -4.4190444
354.20528249 , -4.39492798
354.49170753 , -4.40293284
354.71180814 , -4.39315669
354.92067659 , -4.31013284
355.21550526 , -4.26107767
355.51992624 , -4.1927288
355.69549318 , -4.17444531
355.92002995 , -4.2115211
356.11998626 , -4.13598794
356.38404553 , -4.12405275
356.69652443 , -4.04196994
356.98711897 , -3.94305895
357.26492791 , -4.02596523
357.5518272 , -4.12066106
357.87540976 , -4.08369363
358.09753747 , -3.9351485
358.37169761 , -3.81126637
358.59694483 , -3.69281511
358.80917927 , -3.62176984
359.13945599 , -3.63974826
359.34235956 , -3.53984482
359.56741448 , -3.52361236
359.81919952 , -3.45779611
360.05848388 , -3.46341378
360.29461129 , -3.39876948
360.63108511 , -3.50976406
360.88590771 , -3.39818632
361.14285931 , -3.36035046
361.41291543 , -3.41704845
361.68391562 , -3.4400109
361.9554665 , -3.33542546
362.17868121 , -3.29903936
362.39223564 , -3.31981312
362.61102943 , -3.15081767
362.96132386 , -3.09373342
363.25381954 , -3.12807968
363.5406324 , -3.14467834
363.82669722 , -3.0336879
364.07200684 , -2.95156096
364.34870631 , -2.94333141
364.60681727 , -2.93261269
364.8695648 , -2.87144602
365.19840518 , -2.87807473
365.49006695 , -2.6593158
365.79321171 , -2.51438581
366.02299322 , -2.38244209
366.34799648 , -2.34014047
366.60286155 , -2.26886449
366.90432675 , -2.18431343
367.19758694 , -2.21930872
367.54666582 , -2.22052496
367.84499072 , -2.15601495
368.08021075 , -2.11781486
368.37244147 , -2.14590421
368.6684887 , -2.01808536
368.91866167 , -1.94860137
369.22958205 , -1.82884042
369.54376361 , -1.68683278
369.79021921 , -1.6771822
370.01377964 , -1.6628348
370.33443551 , -1.56664162
370.63100808 , -1.50133955
370.85093773 , -1.42994449
371.07396027 , -1.39143997
371.24543343 , -1.26343993
371.55922549 , -1.29814917
371.8401143 , -1.2011165
372.03102114 , -1.18291042
372.2936344 , -1.17726015
372.52392107 , -1.18029452
372.74029668 , -1.0328248
373.01978373 , -1.04051805
373.23873014 , -0.9768922
373.50857061 , -0.82138745
373.8741628 , -0.85835648
374.21242688 , -0.66774249
374.55162622 , -0.52283423
374.89329872 , -0.4788394
375.10721367 , -0.5023287
375.35771658 , -0.35150285
375.63132987 , -0.3628657
375.85718915 , -0.32316828
376.1755111 , -0.28876439
376.43576424 , -0.11076269
376.72682199 , -0.04227449
376.92663371 , 0.03008113
377.23856062 , -0.0073707
377.47700612 , 0.11163592
377.71101554 , 0.11855304
377.91207597 , 0.26748566
378.09939619 , 0.33933631
378.35964687 , 0.31625368
378.62559968 , 0.36805304
378.87872902 , 0.43299057
379.10506104 , 0.48368715
379.30340369 , 0.59670161
379.5927049 , 0.55782815
379.86619067 , 0.68480842
380.06606074 , 0.77446896
380.33671064 , 0.93348285
380.54531996 , 0.98764065
380.83129516 , 1.02297484
381.1623217 , 1.09333417
381.38755815 , 1.21843746
381.67078472 , 1.28299744
381.88786017 , 1.24326411
382.20037779 , 1.19722802
382.50490529 , 1.22398085
382.73185324 , 1.23203466
382.9294238 , 1.24181669
383.15420184 , 1.29347163
383.44719427 , 1.51533241
383.7376611 , 1.67197344
384.05620436 , 1.69653099
384.2735569 , 1.70791766
384.55792088 , 1.7393211
384.80481885 , 1.73320548
385.12781706 , 1.76884611
385.35320089 , 1.87160494
385.61836542 , 1.86602793
385.84608058 , 1.95416262
386.11627784 , 2.05665498
386.40257698 , 2.17830811
386.67388233 , 2.16040443
386.95633403 , 2.30792981
387.26416699 , 2.47546512
387.5424596 , 2.59723376
387.78136577 , 2.5686809
388.07562041 , 2.52736027
388.26524914 , 2.61621732
388.58108603 , 2.72440233
388.87689944 , 2.73299861
389.18866338 , 2.77729723
389.45794143 , 2.76969679
389.69157019 , 2.8154813
389.89917011 , 2.95052143
390.16896783 , 3.09388758
390.39698245 , 3.08642585
390.68846562 , 3.19589067
390.98160765 , 3.26560437
391.21418068 , 3.31220139
391.49126343 , 3.28905433
391.73749579 , 3.33650075
392.00842345 , 3.39131362
392.25716246 , 3.45907543
392.58863634 , 3.55833634
392.80125012 , 3.61700994
393.05114495 , 3.69681673
393.354652 , 3.6730449
393.60548143 , 3.64216547
393.93710873 , 3.72288652
394.2468498 , 3.78047806
394.52479611 , 3.72967663
394.81220685 , 3.83727492
395.09050652 , 3.77448155
395.36310911 , 3.80062918
395.61929501 , 3.90636579
396.02450144 , 3.87320061
396.32643465 , 3.87054873
396.62663229 , 3.98030317
396.92456602 , 4.13865625
397.2593852 , 4.21539738
397.54784855 , 4.18358654
397.81373485 , 4.15617294
398.15062204 , 4.29620985
398.4208909 , 4.32875728
398.76730108 , 4.30274042
399.13211606 , 4.31364663
399.48228975 , 4.45668135
399.80239814 , 4.54437592
400.03337117 , 4.59791623
400.33715426 , 4.48663419
400.623148 , 4.43463256
400.89497009 , 4.60087049
401.16839962 , 4.52551844
401.43842704 , 4.61661688
401.71180828 , 4.53557543
402.03034604 , 4.51333177
402.42266519 , 4.58231648
402.71714477 , 4.56263586
403.08068158 , 4.56907032
403.35086028 , 4.61208826
403.68307781 , 4.61268976
404.064005 , 4.66075683
404.40821594 , 4.79427561
404.74329199 , 4.93368336
404.98336107 , 4.95252547
405.29846276 , 4.82690813
405.53717354 , 4.79105548
405.85179997 , 4.93865676
406.11268048 , 5.02104977
406.43780458 , 5.0871962
406.74482963 , 5.13961169
407.09925288 , 5.04171413
407.34675029 , 5.04537651
407.62950508 , 5.00212449
407.98529467 , 5.00779488
408.26296576 , 4.86833553
408.53533719 , 4.84834611
408.80190846 , 4.91623315
409.10782312 , 4.95510637
409.31802438 , 5.03317982
409.55904257 , 5.04350624
409.88721236 , 5.05759718
410.17380773 , 5.04468544
410.50078505 , 4.95327035
410.73946773 , 5.03819569
411.01035253 , 4.94541487
411.25908168 , 4.98619311
411.54835924 , 5.05537528
411.77160805 , 5.01633788
412.07181843 , 5.02793203
412.34485633 , 4.95587529
412.57326127 , 4.93039312
412.92529933 , 4.84500307
413.23527642 , 4.74913878
413.53363392 , 4.66301846
413.83601041 , 4.77595072
414.1805033 , 4.74603185
414.43466786 , 4.67436325
414.7801122 , 4.62054892
415.01000385 , 4.57884602
415.34047119 , 4.49006849
415.6139862 , 4.59161101
415.83260771 , 4.56072377
416.09749832 , 4.46757184
416.34585658 , 4.5428121
416.6729497 , 4.50566402
416.94154191 , 4.54460787
417.22880103 , 4.41720019
417.51273495 , 4.38829121
417.7368094 , 4.46547481
418.08812649 , 4.51083479
418.36664518 , 4.42126175
418.67179695 , 4.46208496
418.91899881 , 4.37175048
419.25046882 , 4.24780137
419.56671617 , 4.20429564
419.85358959 , 4.1737603
420.1543622 , 4.13682573
420.35228191 , 4.18973194
420.62560488 , 4.12703257
420.83718871 , 4.00409991
421.03805352 , 3.94171405
421.31363276 , 4.00073257
421.59375218 , 3.90384652
421.85965719 , 3.91555417
422.09187946 , 3.92125846
422.36897575 , 3.90685765
422.58707418 , 3.9030028
422.81803047 , 3.87149139
423.05600332 , 3.82759166
423.38570204 , 3.69078343
423.70828658 , 3.71595734
423.97758894 , 3.7088216
424.19672181 , 3.65209281
424.42230758 , 3.45549998
424.7112117 , 3.29787429
425.03075836 , 3.35084332
425.27793139 , 3.2614664
425.54185468 , 3.11082562
425.86822318 , 2.98749234
426.10360824 , 3.0585578
426.40607557 , 2.93625171
426.68549201 , 2.81622317
426.92012385 , 2.76826783
427.20630785 , 2.67482759
427.51714393 , 2.78796729
427.76838282 , 2.73199649
428.01741573 , 2.64577545
428.26124454 , 2.62695013
428.58817929 , 2.5953441
428.83527011 , 2.62123739
429.09226049 , 2.58754168
429.39403288 , 2.60359384
429.72074409 , 2.52967475
429.94238102 , 2.37117896
430.25231939 , 2.26207834
430.51541 , 2.15595813
430.77363189 , 2.08008605
431.01791704 , 2.01619194
431.2890587 , 2.06808704
431.51648389 , 1.92589924
431.73221103 , 1.85770708
432.04798813 , 1.82815163
432.33398609 , 1.82826901
432.56803741 , 1.69217637
432.81570547 , 1.72815398
433.10364162 , 1.73607918
433.33924038 , 1.62193959
433.62143369 , 1.60251077
433.86887742 , 1.54423179
434.10915425 , 1.53133149
434.44256341 , 1.50219263
434.66846174 , 1.4179622
434.9829139 , 1.27076233
435.16945289 , 1.10205623
435.35908993 , 0.98214209
435.6564185 , 0.85349546
435.88436556 , 0.92413821
436.16085112 , 0.92163273
436.42796691 , 0.91709597
436.73772101 , 0.84953221
436.98578343 , 0.7436297
437.21419142 , 0.64833495
437.48553642 , 0.49884528
437.68842845 , 0.4104406
437.90394698 , 0.39890594
438.12473148 , 0.42431442
438.36237757 , 0.31233471
438.64590106 , 0.32693833
438.90846415 , 0.31681969
439.12972844 , 0.2001175
439.38199002 , 0.1272369
439.56455429 , 0.02532446
439.80293842 , 0.06033414
439.9831352 , -0.05491423
440.25666913 , -0.01283774
440.5498843 , -0.15134542
440.85501897 , -0.27276189
441.13921523 , -0.33240503
441.3903246 , -0.44330059
441.65193117 , -0.49069944
441.90276536 , -0.62418245
442.20830298 , -0.63324307
442.39202703 , -0.73363858
