-0.08741488 , -0.2940341
0.23201512 , -0.40101239
0.23937859 , -0.41434409
0.23524935 , 0.03964068
-0.11308862 , -0.00219067
-0.16635873 , -0.20164754
0.2247711 , 0.27437163
0.39332999 , -0.16391653
0.16080805 , 0.4373414
0.82598502 , 0.55898268
0.95570025 , 0.14363586
1.17399129 , 0.25361323
1.19637594 , 0.57267879
1.7553489 , -0.00039362
1.88107325 , -0.06841699
2.1643722 , 0.48607362
2.36855271 , 0.60212207
2.07495114 , 0.76456448
2.92174325 , 0.66246196
2.92586959 , 0.55452114
3.45548772 , 1.07651666
3.42080711 , 1.14253732
3.60426996 , 0.9175509
4.21742012 , 0.93340346
4.46159542 , 0.81288515
4.10503848 , 0.72903412
4.33767791 , 0.93646434
5.06802541 , 1.43349821
5.22080664 , 1.03340299
5.6487076 , 1.10055056
5.8086659 , 1.75230139
6.21736897 , 1.48022536
6.3314965 , 1.64928279
6.40225798 , 1.67615298
6.97078491 , 1.99466486
7.15167106 , 1.67386623
7.41754071 , 1.84258374
7.81924063 , 2.33998105
8.13325862 , 1.89359878
8.88864258 , 1.99048923
8.53156714 , 1.7827337
9.20965221 , 1.83276806
9.00816669 , 1.87686292
9.69157457 , 2.30587794
9.79744718 , 2.36304009
10.17921173 , 2.00960811
10.63042206 , 2.47249927
11.19276622 , 2.64785344
11.27772497 , 2.9545758
11.75833299 , 2.91769487
11.98117378 , 2.34658738
11.59243559 , 2.33389827
12.09481519 , 3.22642756
12.57973496 , 3.13400478
12.48084297 , 2.98257993
13.1107245 , 3.04936342
13.55029718 , 2.87160895
13.49823729 , 3.46247853
13.99853206 , 3.41317603
14.48479328 , 3.71274107
14.82267316 , 3.27232775
14.62539069 , 3.66771534
15.00240895 , 3.05047001
15.65032674 , 3.71929514
15.46294082 , 3.42637662
16.2103444 , 3.72012165
15.86594609 , 3.8409314
16.27364032 , 3.69623712
16.84745065 , 4.08328677
17.12612081 , 3.63910169
17.60282817 , 4.15490623
17.58524763 , 3.97639288
18.51377027 , 4.26445941
18.69368526 , 3.84356827
18.78915842 , 4.18888833
18.86365283 , 3.84382792
19.35016254 , 4.07462802
19.53007027 , 4.12758163
20.07026191 , 4.34926161
19.87547446 , 3.77943902
20.65542946 , 3.86291827
21.2273311 , 4.10258733
20.84481767 , 4.26964374
21.28420748 , 4.38804727
21.27198716 , 3.97056477
21.59317271 , 4.61729641
21.7465278 , 4.14401048
22.24692438 , 4.04820835
22.88953126 , 4.58528045
23.10155272 , 4.97040803
22.9820057 , 4.89823722
23.68748342 , 4.58723928
24.36111685 , 4.94472052
24.12486132 , 4.48666469
24.23691803 , 4.51201716
24.85715824 , 5.05048947
25.26539338 , 5.04238242
25.32350227 , 5.09016014
25.70120197 , 4.40552673
26.44259874 , 5.09999355
26.36746194 , 5.18536481
26.52421444 , 4.52822223
26.85356986 , 4.82668197
26.8091944 , 4.43411585
27.78113262 , 4.72002669
27.95186311 , 5.09425809
27.88402751 , 4.73604968
28.65720076 , 4.48083
28.67308854 , 5.0356754
28.92143925 , 4.5579
29.4767096 , 4.84773015
29.30047725 , 5.14836889
29.75526463 , 4.70425588
30.15232517 , 4.7479729
30.37154555 , 4.62728092
30.77425186 , 5.04093274
30.78626313 , 5.16149205
31.52403143 , 4.84689718
-0.08741488 , -0.2940341
0.23202384 , -0.40101208
0.23946178 , -0.4143385
0.23546902 , 0.03964885
-0.11265193 , -0.00206621
-0.16589474 , -0.20144542
0.22492846 , 0.27437067
0.39362733 , -0.16355269
0.16128003 , 0.43732397
0.82586324 , 0.55902643
0.95588635 , 0.14382956
1.17407134 , 0.25350442
1.19657916 , 0.5725335
1.75532599 , -0.00026373
1.8811377 , -0.06855703
2.16449306 , 0.48572141
2.3686516 , 0.6020646
2.07531862 , 0.76462099
2.92159985 , 0.662513
2.92608762 , 0.55450842
3.45548427 , 1.07633851
3.42103771 , 1.14264074
3.60445865 , 0.91778277
4.21733863 , 0.93344697
4.46171109 , 0.81292413
4.105534 , 0.72900497
4.33787507 , 0.93633683
5.06787221 , 1.43334863
5.22101635 , 1.03366724
5.64876317 , 1.1005911
5.80882282 , 1.75217257
6.21743809 , 1.48049487
6.33168827 , 1.64935802
6.40247623 , 1.67627166
6.97068247 , 1.99462397
7.15184745 , 1.67408783
7.4176823 , 1.84257828
7.81926718 , 2.33987219
8.13342213 , 1.89390898
8.88851248 , 1.99050343
8.53212893 , 1.78283803
9.20961459 , 1.83274783
9.00864809 , 1.87685065
9.69152297 , 2.30575494
9.79770551 , 2.36314824
10.17938062 , 2.00986107
10.63051217 , 2.47238248
11.1927717 , 2.64786342
11.27802863 , 2.95460673
11.75844602 , 2.91786794
11.98151951 , 2.34693393
11.59318329 , 2.33385455
12.09503035 , 3.22605207
12.57986807 , 3.13415943
12.48136835 , 2.98280428
13.1107749 , 3.04940669
13.55044208 , 2.87171239
13.4987275 , 3.46227663
13.99866305 , 3.41328153
14.48487074 , 3.71270784
14.82292609 , 3.27260384
14.62599931 , 3.66759082
15.00270571 , 3.05073842
15.65040071 , 3.71901244
15.46351971 , 3.42662584
16.21027792 , 3.72008062
15.866577 , 3.8410524
16.27386095 , 3.69645378
16.84748701 , 4.08323804
17.12641721 , 3.63941153
17.60296146 , 4.15477046
17.5857078 , 3.97662557
18.51358647 , 4.26442098
18.69402157 , 3.8438277
18.7895839 , 4.1887761
18.8641131 , 3.84401803
19.350316 , 4.07454924
19.53040047 , 4.12760359
20.0703418 , 4.34922877
19.87609781 , 3.77976795
20.6553991 , 3.86290197
21.22736517 , 4.1025069
20.84550683 , 4.26969216
21.28438224 , 4.38812778
21.27246768 , 3.97087859
21.59342621 , 4.61714068
21.74690495 , 4.14438745
22.24703623 , 4.04832534
22.88951226 , 4.58512365
23.10174127 , 4.97040277
22.98242449 , 4.89855833
23.68750063 , 4.58756046
24.3610564 , 4.94466831
24.12545054 , 4.48697664
24.2373116 , 4.51205133
24.85716238 , 5.050327
25.26550269 , 5.04250056
25.32384965 , 5.09028626
25.70145384 , 4.40586929
26.4426089 , 5.09975065
26.36784586 , 5.185491
26.52459077 , 4.52868118
26.85377882 , 4.8266536
26.80963059 , 4.43433012
27.78091499 , 4.7199787
27.95204246 , 5.09423043
27.88442712 , 4.73640369
28.65711375 , 4.48100235
28.67343436 , 5.03548658
28.92169189 , 4.55813422
29.4767306 , 4.84765499
29.3008905 , 5.14835669
29.75541083 , 4.70452723
30.15242543 , 4.74798166
30.37174967 , 4.62730424
30.77437096 , 5.04079171
30.78656896 , 5.16155729
31.5239923 , 4.84706492
31.59629046 , 4.64364382
31.85146947 , 4.72410499
31.94998045 , 5.35365435
32.93457021 , 5.42596599
32.9745671 , 5.00681585
32.96643663 , 5.15020632
33.48278635 , 5.36945251
33.50549627 , 5.31859971
34.21115303 , 4.71991632
34.05428708 , 4.75594027
34.3784845 , 4.96437552
34.54911514 , 5.23704809
34.67589604 , 4.82940847
34.9310623 , 4.74979591
35.67338012 , 4.99148641
35.5308482 , 4.81851024
36.00175509 , 5.21187007
35.92993454 , 5.30546097
36.42244882 , 5.27920458
36.37333949 , 4.63825634
37.21568735 , 5.01820415
36.92109595 , 4.85095973
37.51084002 , 4.60619605
38.10034262 , 5.11141846
38.54624159 , 4.35466358
38.51062982 , 4.57333041
38.22428259 , 4.4211937
38.8523479 , 4.97120585
38.8730388 , 4.60740772
39.16138241 , 4.3559579
39.63664006 , 4.37496493
39.71400618 , 4.86518082
40.44879966 , 4.97137821
41.03105607 , 4.63677674
40.49679658 , 4.19067882
40.83995358 , 4.10247343
41.47764507 , 4.15700534
42.12840577 , 3.93534067
42.10145983 , 4.43304901
42.72052048 , 3.92405976
43.0331131 , 4.43859442
43.31187194 , 4.38582604
42.9363788 , 4.36667559
43.56368749 , 4.48385914
43.43144777 , 4.41392238
43.8523163 , 4.21998426
43.99574661 , 4.14270654
44.15370299 , 4.21813944
45.04204155 , 3.78352648
44.53813417 , 3.52272106
45.33357841 , 3.69698607
45.01108452 , 3.37031181
46.0275475 , 3.30764962
45.54246204 , 3.82426058
46.00195441 , 3.53905421
46.44792359 , 3.7303895
47.12771672 , 3.75109373
47.19298206 , 3.77015048
47.49975058 , 3.77906967
47.15123684 , 3.22656079
47.44249835 , 3.405238
47.80025821 , 3.25213083
48.57088156 , 3.25973445
48.94364182 , 2.85315274
49.04813534 , 2.90400875
48.88005921 , 3.44714219
49.54670027 , 3.25680531
49.62272438 , 2.63944517
49.76227905 , 2.92431277
49.82240245 , 2.64300928
50.84254707 , 2.86789956
50.86468532 , 3.05343045
51.39021867 , 2.54436996
51.76523447 , 2.55924181
51.35172794 , 2.23857611
51.9852875 , 2.22485065
51.97375049 , 2.64052183
52.33576525 , 2.48457701
52.34700347 , 2.81282161
53.36766317 , 2.70307231
53.16277854 , 1.9466188
53.77340292 , 2.10032184
54.2257598 , 2.15589627
54.05534092 , 2.39003534
54.06502559 , 1.68448784
54.34843076 , 1.86259476
54.8777681 , 1.83426041
55.05668492 , 1.51505271
55.37824249 , 1.41648278
55.3058023 , 2.10629819
55.50159417 , 1.38232052
55.86251531 , 1.55945858
56.67319771 , 1.45530777
56.37126117 , 1.07425699
57.14257391 , 1.64986507
57.26884429 , 1.46147246
57.18111773 , 1.27860451
57.51992442 , 0.90365074
58.25938015 , 1.56217586
57.96339717 , 1.1636672
58.30908313 , 1.0858419
58.41759089 , 1.4425146
58.91501389 , 1.43224608
59.4194429 , 1.11730436
59.17820849 , 0.98907486
59.46221669 , 0.3705828
60.0940268 , 1.08342238
60.59329608 , 0.76251104
60.43435072 , 0.97867369
60.69002145 , 0.78484062
61.31716171 , 0.8148503
61.7211699 , 0.44524346
61.80148845 , 0.32329466
62.01684568 , 0.46842258
62.37164938 , 0.12525394
62.53212272 , 0.24122892
63.04907924 , 0.43093427
62.74485627 , 0.43411675
62.94255466 , 0.30640387
63.53978829 , 0.2086348
63.3695852 , -0.15652469
64.06123289 , -0.48701997
64.55930514 , -0.33747216
64.32191866 , -0.53494102
64.48458326 , -0.28055304
64.79464463 , -0.75833931
65.13639151 , -0.56559902
65.53724268 , -0.88058697
66.05328311 , -1.10243206
66.48165863 , -0.4715098
66.70955202 , -1.32244022
66.81220385 , -1.17200684
67.36612146 , -1.02230096
67.25062161 , -1.41741665
67.50656684 , -1.02137464
67.94248482 , -1.35926488
68.38022479 , -1.23630464
68.67490278 , -1.36450824
68.7419419 , -1.87180581
68.87232623 , -1.74624483
69.75498922 , -1.73407833
70.23173806 , -1.64377931
70.55996539 , -1.83089944
70.20489531 , -1.87394942
70.86274061 , -1.5587238
71.15108214 , -2.04573068
71.67588054 , -1.90313854
71.58895762 , -1.66496095
71.49841567 , -1.75331126
72.00940841 , -2.40643137
72.7493832 , -2.58755417
72.77052196 , -2.52189807
73.25819576 , -2.29459327
73.51314571 , -2.04965295
73.96185626 , -2.09464337
73.94152316 , -2.96119884
74.31100427 , -3.09365537
74.24710463 , -2.65616953
74.30960236 , -3.01770306
74.75494898 , -2.51815479
75.05626509 , -2.74778634
75.70535746 , -3.32484197
76.22514217 , -3.09772323
76.34758912 , -3.34767697
76.57063521 , -3.60648127
76.65663981 , -3.13463971
77.41181253 , -3.05941342
77.56006859 , -3.21540326
77.67798415 , -3.47965701
77.48365109 , -3.68705026
78.11757926 , -3.28419605
78.24713001 , -3.38122624
78.5209305 , -3.21117355
78.88287345 , -3.42164096
78.92906189 , -3.97622895
79.24559278 , -4.00200156
79.4675592 , -3.94368204
80.09658362 , -3.71707785
80.54817724 , -3.89065388
81.01013287 , -3.53538099
80.93024195 , -4.2073354
80.98897764 , -4.14337193
81.67470124 , -3.76134216
81.72439675 , -3.9822241
81.74232898 , -4.48215662
82.21051458 , -4.5413807
82.14054087 , -3.95463242
82.8018198 , -4.27543283
82.67376168 , -3.94661375
83.29359266 , -4.05706904
83.44345188 , -4.17049883
83.71445071 , -4.45637039
84.38967121 , -4.33140725
84.92013536 , -4.72408367
85.05413581 , -4.67010289
85.35118834 , -4.92574297
85.7535341 , -4.90938528
85.6312487 , -4.51523145
86.0897897 , -4.83353988
86.62045471 , -4.9284205
86.18196277 , -4.96478005
86.70136397 , -4.81202629
87.54907197 , -4.7483797
87.74587505 , -5.10406867
87.53152893 , -4.50942798
87.83492553 , -5.13051928
88.39610064 , -4.3894648
88.4400621 , -4.54089148
88.68899811 , -4.79823009
89.19608341 , -5.00651861
89.79152904 , -4.70957546
89.5647127 , -4.99670099
89.87735437 , -4.55419629
90.7938458 , -4.95395081
90.39134395 , -4.68479713
91.29761489 , -4.82638415
91.46230221 , -5.00783054
91.37839072 , -5.12800444
91.74634714 , -4.9906408
91.9015154 , -4.96199853
92.64609821 , -4.85185887
92.75430266 , -5.37883373
93.315924 , -5.10958318
93.31631736 , -5.18264908
93.44686525 , -5.33144595
94.42479894 , -5.10240071
94.07516998 , -4.78157638
94.38194783 , -4.57142302
95.24961081 , -5.06865529
95.38367069 , -4.74118434
95.11741067 , -4.71860868
95.61879648 , -5.22414985
95.95619225 , -5.39121175
96.14370273 , -4.80931405
97.12607929 , -5.15816834
96.89787878 , -4.81508867
97.07744092 , -5.22186324
98.04450263 , -5.34680577
98.33664434 , -5.18854936
98.63136374 , -4.55058527
98.27352501 , -4.53657552
98.84660472 , -5.12759736
98.91433157 , -4.51954789
99.78320817 , -4.70350568
99.29220171 , -4.95733179
100.02712371 , -4.35544838
100.42454902 , -4.60721893
100.14835131 , -4.75617144
101.17060157 , -4.90705531
100.83085499 , -5.12420123
101.20378922 , -4.2445303
101.94813845 , -4.21139398
101.92453122 , -4.24371578
102.5930953 , -4.29539476
102.89211694 , -4.57920138
102.47726461 , -4.74497485
102.97652947 , -4.22064172
103.16004726 , -4.30285631
103.90221056 , -4.31247385
103.73358381 , -4.20569492
104.55522202 , -4.40051986
104.56689915 , -4.62471607
104.69190185 , -4.32862115
105.27303835 , -4.32857868
105.31844165 , -4.42349538
105.39320299 , -3.82845841
106.20906122 , -4.09007954
106.63610644 , -3.97979248
106.68549939 , -4.19447304
106.80391458 , -4.08902971
106.9796025 , -4.2712976
107.94914653 , -4.04210005
107.86652615 , -3.46836599
108.07233922 , -3.6134401
108.68015751 , -3.60666414
108.35934004 , -3.59406949
109.10123768 , -3.57818475
108.95320472 , -3.58744763
109.19141555 , -3.36982397
109.4760501 , -3.50534543
110.07645164 , -3.59260906
110.22946206 , -3.2142742
110.58194547 , -3.25527077
110.61013783 , -3.023677
111.3942913 , -3.47908541
111.34777022 , -3.25894733
112.28060216 , -2.93063321
112.37486117 , -3.46189528
112.18986392 , -2.97179561
112.97536221 , -2.59806853
113.34739055 , -3.03884941
113.52189207 , -2.64890875
113.54729172 , -2.65078786
113.89796504 , -2.33583471
114.46582409 , -2.87689867
114.42813256 , -2.52822407
114.47700934 , -2.73000766
114.94940542 , -2.15024482
115.81685619 , -2.79645503
115.76288976 , -2.48504051
116.2436525 , -1.97145059
116.51861205 , -1.84158782
116.29889865 , -1.79815865
116.92561913 , -1.82115206
117.3654785 , -2.2296708
117.66280381 , -2.4172082
117.90784368 , -2.3528102
117.60480648 , -1.81458201
118.3045965 , -2.09707221
118.5350017 , -2.10488949
118.63939447 , -1.29680898
119.54518771 , -1.12401222
119.73453024 , -1.43767646
119.6335207 , -1.64914763
119.97196232 , -0.95644415
119.94423849 , -1.30203071
120.30348746 , -1.46649263
120.79559686 , -1.32862208
121.54287865 , -0.72679542
121.64732549 , -1.24517842
121.9209108 , -0.94908603
122.20788821 , -0.82601375
122.2883851 , -1.04620331
122.14851104 , -0.74057487
122.68432874 , -0.34293937
123.4379961 , -0.86075959
123.20215286 , -0.82019445
123.27986961 , -0.29069178
124.24475213 , -0.78117929
124.77102003 , -0.37248566
124.53726434 , -0.15585989
125.2322521 , -0.18403912
125.14489053 , -0.48203274
125.76932245 , -0.20722618
125.66895513 , 0.39718916
125.79460147 , 0.38050771
125.99497525 , 0.01596714
126.4724071 , -0.14477671
127.15298857 , 0.52578028
126.90999997 , 0.70518101
127.12706244 , 0.25829396
127.6257491 , 0.2232834
127.64130004 , 0.52595386
128.29254946 , 1.08074997
128.48486793 , 0.95619553
128.71586207 , 0.73417144
129.42379573 , 0.86963168
129.74013319 , 0.98980649
129.73451917 , 1.23583548
130.1946488 , 1.2152833
130.01974593 , 1.35069608
130.92975312 , 0.9510931
130.67510607 , 1.67965571
131.58650723 , 1.28464132
131.94543123 , 1.37104776
131.6878732 , 1.84570246
131.91326911 , 1.75278661
132.6426403 , 1.28132102
132.58066445 , 1.77635777
132.70124013 , 1.9384041
133.31734145 , 2.12703561
133.13885791 , 1.56051367
133.91984954 , 1.60137839
134.59258536 , 1.75679282
134.18454574 , 2.17911553
134.47558804 , 1.74493167
134.81327449 , 1.94079355
135.16170649 , 2.14330808
135.86036513 , 2.18123289
135.60472245 , 2.28819338
135.74073384 , 2.25126835
136.20631291 , 2.70425926
136.83986431 , 2.89864511
137.41623112 , 3.00497741
137.24906502 , 2.3804929
137.707297 , 2.68801639
138.29953415 , 2.43280746
137.84708833 , 2.94401233
138.56344734 , 2.85914861
138.75193157 , 2.60731018
138.91684406 , 3.17834341
139.42138266 , 3.40125557
140.12745231 , 3.13897768
139.8215628 , 3.44036927
139.86019836 , 3.18227647
140.28668611 , 2.91330802
140.72340409 , 3.77105639
141.14932515 , 3.50964875
141.62517586 , 3.48619984
141.52188741 , 3.64102508
142.27795803 , 3.18564753
142.70916661 , 3.45019663
143.0644335 , 4.04932976
143.31298074 , 3.46598944
143.32848609 , 3.96219823
143.91568057 , 3.74330492
144.08501394 , 3.52567844
144.49403882 , 4.26906202
143.96420315 , 4.36569889
144.86440569 , 3.93622916
144.70755997 , 4.17100658
145.55675719 , 3.75779388
145.43340904 , 3.76092615
146.1038698 , 3.94289509
145.84272061 , 4.61491018
146.7795586 , 4.14885511
146.51584825 , 4.65121801
146.67785577 , 4.53442139
146.88461132 , 4.56740834
147.25567207 , 4.87537937
147.60598818 , 4.17839436
148.02608 , 4.4470599
148.21849945 , 4.20749684
148.99831163 , 4.62839123
149.504907 , 4.97775508
149.74322231 , 5.08762793
149.86025872 , 4.75294122
150.36506453 , 5.03781959
150.66396907 , 5.06773529
150.7206085 , 4.79853854
150.81044263 , 4.67945913
151.09751062 , 4.96308059
151.7165792 , 5.16702161
151.60930323 , 4.47782727
151.77841871 , 4.90036241
152.29268348 , 4.87125537
152.48939747 , 5.02403961
152.65640422 , 4.96555882
152.98047263 , 4.91049652
153.77016281 , 5.01422928
153.81664373 , 4.53684323
154.15810494 , 5.1892663
154.35451723 , 4.50961179
155.01077539 , 4.67063619
155.23455388 , 5.33591142
154.91518679 , 5.24336139
155.61005382 , 4.68448781
155.87805574 , 5.2875754
156.33252887 , 5.12431442
156.13977147 , 4.7139059
156.4169838 , 4.66085283
157.46286229 , 4.62483853
157.91388486 , 4.90667566
157.55781243 , 4.93776832
157.73133937 , 4.88834116
157.83142408 , 4.74397008
158.27259969 , 5.16137961
158.8933735 , 5.38034197
159.0332057 , 5.0714766
159.33155808 , 5.05735238
159.81238427 , 5.11484342
160.52132688 , 5.04015655
160.55943274 , 5.30174593
160.97843078 , 4.91360867
161.23468915 , 5.06899675
161.41679285 , 5.21414582
161.30508709 , 4.69487541
161.95363379 , 4.95655942
162.39142403 , 4.97748129
162.46306175 , 4.58882559
162.62862317 , 4.63305399
162.6995493 , 5.0606207
163.19334599 , 4.90686276
163.97829262 , 4.24603343
163.94614156 , 4.2576542
164.04568074 , 4.22095943
164.46904698 , 4.8140512
164.72501716 , 4.9244223
164.70800495 , 4.89643237
165.08810561 , 4.69975001
165.83065395 , 4.36533233
166.34740859 , 4.07242398
166.09098128 , 4.24978403
166.74882832 , 4.3504062
166.49362676 , 4.51699612
166.72991411 , 4.44584062
167.52570524 , 4.01807947
167.79420249 , 4.58717508
167.94356305 , 4.21611817
168.46801642 , 4.432584
168.99110256 , 3.86710529
168.62203123 , 4.36650108
169.35361343 , 3.84106299
169.60166894 , 3.8440989
169.97689114 , 4.3049493
169.83510834 , 4.12462312
170.38612501 , 3.50244922
170.65829754 , 4.19919106
171.03539077 , 3.81179446
171.37257393 , 3.79761969
171.39983779 , 3.69241807
172.09621167 , 4.03696659
171.9729721 , 4.04086298
172.48456356 , 3.51136138
172.97327082 , 3.9213978
172.66493478 , 3.67595641
173.25716356 , 3.38687251
173.84898695 , 3.55469343
174.23145466 , 2.93581756
174.24000782 , 3.43072169
174.71505164 , 3.02147131
174.85566173 , 3.32546958
175.16536054 , 2.86029385
175.48543796 , 2.94725353
175.5483234 , 2.71023901
176.16518915 , 3.11697376
176.02353202 , 2.44502832
176.4205789 , 2.8291098
176.89825162 , 2.65099597
177.04258567 , 2.56992468
177.5492395 , 2.5280461
177.12711022 , 2.52689248
177.42948726 , 2.46859551
177.66806694 , 2.44573803
178.53910745 , 1.98170601
178.59235534 , 2.30090881
179.14889903 , 2.6674488
178.98270802 , 2.27247707
179.47143541 , 2.10001003
180.20803644 , 2.49764509
180.16678114 , 2.12481621
180.03708418 , 1.69357917
180.92936452 , 1.69379854
180.67007508 , 2.0293767
180.78699097 , 1.79955906
181.92826748 , 1.31877021
181.74071307 , 1.71751689
181.72902656 , 1.57639624
182.67606454 , 1.50523575
182.39247017 , 1.82564117
182.6138668 , 1.08593031
183.66071297 , 1.68356703
183.92947564 , 0.86803995
183.63377337 , 0.88769555
184.36693947 , 0.87482477
184.51967599 , 1.37136657
184.73786148 , 1.17711063
184.87776358 , 0.85082571
185.432457 , 0.71899177
185.89919134 , 0.52125054
186.32752082 , 0.26065231
186.05466466 , 0.09096388
186.56259004 , 0.87616221
186.73675727 , 0.40681389
187.18150616 , 0.44551291
187.61320198 , 0.21974674
187.60075221 , 0.12614645
187.80098609 , -0.16485266
187.93565442 , -0.1490289
188.26324945 , -0.20684836
189.01655035 , -0.42591722
189.08378334 , 0.09260642
189.28492505 , -0.36011526
189.88207185 , 0.03529136
189.59608068 , -0.40826797
190.27873471 , -0.68719424
190.47001163 , -0.13818519
190.84951443 , -0.65627956
190.80302241 , -0.24988022
191.67302771 , -0.23944887
191.51237737 , -0.37139316
191.4334372 , -0.87918882
192.28285381 , -1.12337824
192.0104626 , -0.67860586
192.94944567 , -0.64317336
192.68415749 , -0.72102707
193.65040119 , -1.50343628
193.79503616 , -0.87361535
193.53909684 , -1.64617491
193.84640269 , -0.99747536
194.8299462 , -1.7803132
194.45059832 , -1.28251387
195.27500786 , -1.55992141
195.6442087 , -2.01058607
195.42568659 , -1.91422723
195.9243259 , -2.09046646
196.01979344 , -1.45753195
196.10108969 , -1.9791719
196.57423324 , -2.20026776
197.32119798 , -2.04997197
197.12333596 , -2.31497816
197.95514859 , -1.88942654
197.97375373 , -2.6149474
198.24396745 , -2.25701714
198.19429247 , -2.37745046
199.15763362 , -2.66582344
199.35193046 , -2.59578675
199.02799306 , -2.54797781
199.4446673 , -2.6756882
199.47427476 , -2.29534781
200.05784634 , -3.0041273
200.83908176 , -2.53658522
200.46429213 , -2.81563215
200.65711849 , -3.21084324
201.08168433 , -2.76767859
201.66559224 , -2.60865218
201.99400781 , -2.80881083
202.07552548 , -3.51839511
202.89902258 , -3.55535828
202.96119705 , -3.457751
203.35981454 , -2.9881138
203.6431364 , -3.71054502
203.88173745 , -3.11072698
204.32591724 , -3.5775401
204.41943835 , -3.31857106
204.47127005 , -3.5868355
204.60564888 , -3.55195262
204.91449886 , -3.48558337
204.80227846 , -3.66043612
205.36863454 , -3.69087182
205.32651048 , -3.86484145
206.01870641 , -4.2736159
206.52791231 , -4.02581643
206.69132074 , -4.07135459
206.99389446 , -3.71189747
206.87024594 , -4.38266004
207.04791015 , -4.18943839
207.7490788 , -3.89598387
207.8073835 , -4.45541293
208.21372319 , -3.92914262
208.47461986 , -4.37603631
208.54647314 , -4.39499787
208.90642513 , -4.25641295
208.96056583 , -3.97877183
209.94690591 , -4.13459718
209.92050394 , -4.07018258
210.52225474 , -4.01413575
210.32430627 , -3.99246939
210.3585273 , -4.71822123
210.56950458 , -4.84297992
211.24471574 , -4.52681912
212.02374251 , -4.59402465
212.29990588 , -4.27123964
212.44121949 , -4.98065398
212.53445243 , -4.33884505
212.56309495 , -4.25597283
213.0451246 , -4.28613868
213.46236643 , -4.68031391
213.67794843 , -5.03279909
213.85149933 , -4.97436503
213.98767469 , -4.57596852
214.71205497 , -4.96270592
214.54483726 , -4.82338939
215.50164617 , -4.9516671
215.54843899 , -4.90726886
215.47856362 , -5.2110373
215.95712325 , -4.94250595
216.14337632 , -4.86054511
216.36220405 , -4.79552382
217.10877457 , -4.49215922
217.04321397 , -4.67195532
217.05942748 , -4.52276132
217.37708808 , -5.31510369
217.89625217 , -4.86389612
217.75881662 , -4.68633757
218.29225366 , -4.90374981
218.29887527 , -5.39593216
219.10514989 , -5.1916608
218.69099348 , -5.03861437
219.00183911 , -4.78417705
219.86258785 , -5.17279954
220.24345192 , -5.14374554
220.1611515 , -5.25080025
220.26790347 , -4.90439457
220.54475601 , -5.27774501
221.01691974 , -5.22845084
221.06141314 , -4.83208078
221.86982054 , -5.03402524
221.80174889 , -5.01095981
221.83581628 , -5.26441032
222.03178328 , -4.69932181
222.51828505 , -5.18019783
222.61873711 , -4.93005563
223.4897053 , -4.69653589
223.39719324 , -4.53423627
223.69884616 , -4.58873176
223.76282626 , -5.18884473
223.86385551 , -4.94787248
224.24013654 , -4.50413522
224.69474107 , -4.52528303
224.79705866 , -4.86917564
224.95288299 , -4.5663582
225.36480902 , -4.96207385
225.44990942 , -4.38541238
225.92608995 , -4.35242482
226.14327471 , -4.93693449
226.79319502 , -4.53096948
226.50412425 , -4.91971748
227.40193793 , -4.51065812
227.76739743 , -4.21760158
227.7227851 , -4.91193695
228.30444828 , -4.35341897
228.38116415 , -4.63698525
228.53513417 , -4.5869858
228.28546192 , -4.28532511
228.51928179 , -4.21107442
229.59291233 , -4.0486397
229.25750904 , -4.03360785
229.27654178 , -4.53340076
229.80601092 , -4.51839363
230.19830581 , -4.41418198
230.71070826 , -4.4718731
231.25023946 , -4.6455536
231.29680586 , -4.09719045
231.12869878 , -4.08014571
231.52137706 , -3.74409911
231.71465331 , -3.85644874
232.00087768 , -3.68481896
232.72541711 , -4.34114288
232.51650425 , -3.94775575
233.44079865 , -4.13653527
233.50613875 , -3.6572687
233.27573915 , -3.87483421
234.14924234 , -3.59880767
234.43765552 , -3.36900597
234.90475912 , -4.08430489
234.95449751 , -3.3631393
234.80470452 , -3.91997506
235.62812637 , -3.96734287
235.77164484 , -3.81111768
236.16132991 , -3.43587832
236.4177936 , -3.57189079
236.69247159 , -3.71492667
236.6146586 , -3.10504141
236.8800648 , -3.26413207
237.01405591 , -2.91585356
237.18115757 , -3.26410639
237.84357604 , -3.43550844
238.39903475 , -3.40427627
238.63205302 , -2.96002579
239.08005282 , -3.15159604
239.17435194 , -3.05685133
238.91374969 , -2.86842012
239.46090472 , -2.60979959
239.33961559 , -3.1451887
240.17981824 , -2.85906766
239.90121924 , -2.92605085
240.50162971 , -2.77273781
240.69545456 , -2.60332634
240.85273826 , -2.51289043
241.48803341 , -2.79209948
241.88282623 , -2.1141704
241.6870502 , -2.25900988
241.71140773 , -1.97190699
242.59477278 , -1.95327583
242.904259 , -1.76632058
242.9561265 , -2.3940802
242.61300351 , -2.13990482
243.17498216 , -2.1009873
243.18945799 , -2.36066113
243.61493513 , -1.64981795
243.74930111 , -1.70089093
244.38841866 , -1.81583994
244.0598322 , -1.99722628
244.69097268 , -1.91575716
245.26990386 , -1.78479446
245.52056952 , -1.62120272
245.68099681 , -1.18279174
245.37634326 , -1.16540181
246.04200245 , -1.48409043
246.15072971 , -1.35027356
246.57178393 , -1.29199318
246.91388559 , -0.86842924
246.90505767 , -1.28863834
247.48904797 , -1.4206736
247.5784759 , -0.60187459
247.27682628 , -0.95797978
247.90291988 , -1.09422967
247.85391178 , -0.96221596
248.0970527 , -1.1193122
249.01531826 , -0.5698888
249.13040304 , -0.30634891
249.52398476 , -0.63514863
250.08418694 , -0.58589068
249.61335519 , 0.03862132
250.30734714 , 0.00802802
250.08090135 , -0.03614178
250.22904276 , -0.36348832
250.88175507 , -0.02369616
251.1179605 , -0.05599919
251.72916351 , 0.10524573
251.46502532 , 0.30129768
252.41388868 , 0.28893753
252.09338394 , -0.06349277
252.16513468 , 0.12036083
252.66051241 , 0.23162313
253.10120673 , 0.28110635
253.67450108 , 0.90594245
254.04489164 , 0.84786557
253.85031393 , 0.95834437
254.53840931 , 0.61943629
254.68564417 , 1.159353
254.52783889 , 1.32470463
255.27953339 , 1.05472886
255.59658925 , 1.18910388
255.33956282 , 1.52354887
255.50031475 , 1.07327989
256.33690613 , 1.25856459
256.95064219 , 1.69072086
256.60153369 , 1.61884949
257.5210063 , 1.14261047
257.29766914 , 1.18571714
257.62392929 , 1.2480395
258.34631588 , 1.95654353
258.11659077 , 1.63596722
258.5647383 , 1.65181101
258.83806283 , 1.8583812
258.70822602 , 2.21974382
259.48875552 , 1.56481875
259.7219097 , 2.36369811
259.68682847 , 2.26576702
259.79415619 , 1.79600987
260.57204952 , 2.27513102
260.87636252 , 1.96620974
261.12364858 , 1.90511863
261.25469325 , 2.05831734
261.99241183 , 2.12788717
262.42034813 , 2.19425376
262.40240677 , 2.62980961
262.91371327 , 2.89337383
262.74140004 , 2.81150749
263.27604516 , 2.88500844
262.92156717 , 3.23994955
263.35194976 , 3.13633436
264.18345142 , 2.90325444
263.79132659 , 2.59509509
264.16753969 , 2.78544764
264.38469874 , 3.25073848
264.91271809 , 3.18393996
264.71958626 , 3.24666774
265.39946752 , 2.79546539
265.90006034 , 3.60616608
265.64922947 , 3.70683189
266.27315111 , 3.23301011
266.06929029 , 3.52182122
266.57362283 , 3.44718973
266.58262395 , 3.6365336
267.10231982 , 3.90174876
267.75142878 , 3.61846761
267.98965012 , 4.01098593
268.39451983 , 3.67630161
268.29668934 , 3.48087891
268.91836408 , 3.63795546
269.01924693 , 4.01853336
269.47736611 , 4.08848186
269.57622131 , 3.57268075
269.32108387 , 3.80975529
270.22164504 , 3.72131452
270.72699494 , 4.38932278
270.45056301 , 3.90008064
271.11609592 , 4.2327201
271.2035879 , 4.08490998
271.69014018 , 4.54226448
271.77853621 , 4.06722528
271.79159054 , 4.47127253
271.95494388 , 4.74050225
272.06717309 , 4.60036663
272.16787905 , 4.2991501
273.26961947 , 4.31306195
272.99204843 , 4.64150832
273.11463476 , 4.21982555
273.39690061 , 4.091289
273.84308453 , 4.39495667
274.31820447 , 4.56133072
274.60949676 , 4.74898029
274.9719801 , 4.85938386
274.58926814 , 4.25006819
275.48226951 , 4.70755474
275.41052922 , 4.81730414
275.87120559 , 4.90991887
276.05051671 , 4.46052272
276.46844639 , 4.80206437
276.18640592 , 4.96236831
276.84586176 , 4.81435714
277.16606574 , 4.4576236
277.13157927 , 4.5662901
277.71020573 , 4.86479478
277.50149362 , 5.07892061
277.6775674 , 4.58576524
277.95363426 , 4.86377897
278.67815837 , 4.46842199
279.17287519 , 5.23541352
279.16755843 , 5.20405819
279.30618159 , 5.27202275
279.58586297 , 5.1492038
279.55168839 , 4.64442213
279.95869095 , 4.51849413
279.98575984 , 4.73203042
280.4672986 , 4.70599778
280.95900417 , 5.33240216
281.35595905 , 4.89157588
280.83628685 , 5.39290599
281.64067241 , 5.2005963
281.45855765 , 4.7711526
282.09397619 , 5.32451593
282.01542373 , 5.12942731
282.70066594 , 4.89984542
282.98183226 , 4.77382122
283.42601545 , 5.24877144
283.53464543 , 5.09519349
283.79632905 , 4.7418772
284.22455076 , 5.15580585
284.48934413 , 5.30146405
284.3511786 , 5.32519802
284.94281515 , 4.85757956
285.38321735 , 5.27719375
285.40556937 , 5.08876554
285.42410954 , 5.09135357
285.7744677 , 5.17957971
286.42025794 , 4.68325056
286.78533597 , 4.86912214
287.0114482 , 4.58344951
287.20833071 , 4.77799313
287.59460856 , 4.71304536
287.82580287 , 4.62925726
288.02024816 , 4.88177781
288.26568709 , 5.10956748
288.85329703 , 5.24290228
288.9792932 , 4.71324052
289.55696877 , 4.52185488
289.03488108 , 4.37507914
289.43269443 , 4.8393481
289.8795069 , 4.91516498
290.14481879 , 4.93517571
290.23176721 , 4.29864814
291.09029857 , 4.60531452
291.25784249 , 4.36272317
291.2331782 , 4.78191222
291.51442078 , 4.15669055
292.15686519 , 4.60509082
292.09257886 , 4.76470883
292.19009634 , 4.51191073
292.87444885 , 4.062488
293.06010594 , 4.54644417
293.42227996 , 4.50291614
293.84773064 , 4.69335667
293.71196362 , 4.0119107
293.81534509 , 4.54338618
294.04641839 , 4.57818898
294.15287306 , 4.15200113
294.88334593 , 4.00447199
295.21063692 , 4.21620766
295.71243063 , 4.35387451
295.67309981 , 3.93491153
296.05176084 , 4.20237611
296.18998237 , 4.06780945
296.77724195 , 4.02120909
297.02400168 , 3.67870139
296.99249594 , 4.01523896
297.81157124 , 3.67823995
297.68561665 , 4.08124625
298.09023422 , 3.50195467
297.90836409 , 3.48117338
298.48683911 , 3.41909915
298.58229285 , 3.20871944
299.02437328 , 3.04562107
299.1274209 , 3.49518024
299.01830444 , 3.78633565
300.08501269 , 3.00090053
299.94907869 , 3.36379434
300.5375063 , 3.16621721
300.62126081 , 3.50019415
301.04059405 , 3.36679511
300.87284875 , 2.84088501
301.28485276 , 2.76676798
301.82070302 , 2.52326783
302.00116873 , 2.58465622
302.10597326 , 2.46459597
302.46139531 , 3.09628553
303.16408944 , 2.7651273
303.31067208 , 2.80114097
303.52396243 , 2.28472551
304.00871151 , 2.24711564
303.5354479 , 2.59417631
304.32486335 , 2.19817396
304.22283072 , 2.09822422
304.87356695 , 1.90083642
305.21833514 , 2.31198003
305.42917675 , 2.18400307
305.83410062 , 2.23040222
306.36708517 , 2.24135402
306.26429259 , 2.19259753
306.72525099 , 2.2219537
306.66891384 , 2.02486467
306.97122744 , 1.85546838
307.45043355 , 1.65667703
307.74756936 , 1.23633068
307.67889135 , 1.78471511
308.43603314 , 1.8409309
308.11802029 , 1.72086451
308.67520417 , 1.51568667
308.96077943 , 1.54413134
309.75691705 , 1.04314289
309.9028938 , 0.8827804
309.56200585 , 0.79286517
310.17135201 , 1.2805182
310.73088841 , 0.91811649
310.62438507 , 0.96843607
311.07193641 , 0.57464596
311.60800334 , 0.61247484
312.03888354 , 0.79215452
312.15655145 , 0.86285548
312.04907471 , 0.18130834
312.62986978 , 0.4008249
313.17788389 , 0.71915942
312.90649649 , 0.43338925
313.57431884 , 0.03025722
313.67849923 , -0.27530334
313.95491595 , -0.30413194
314.14106968 , 0.12176754
314.74424599 , -0.28186275
314.76525426 , 0.02849131
315.14479595 , -0.36976961
315.08219454 , -0.39494397
315.83563754 , -0.13624346
315.98651483 , -0.10282728
316.44634914 , -0.8509208
316.4610723 , -0.61023262
316.98401298 , -0.25937059
317.01910037 , -0.96787413
316.87612873 , -0.6582869
317.39374752 , -0.40394821
317.80308064 , -1.07957638
317.79847873 , -1.40264929
317.98655596 , -1.41183365
318.76321371 , -1.36130834
318.70836036 , -0.84331004
319.46489703 , -1.05964154
319.17421435 , -1.36112344
319.78479766 , -1.77189919
319.7712619 , -1.17845037
320.18984804 , -1.70792928
320.11091993 , -1.2007411
320.75594517 , -1.42778895
321.08178937 , -1.25986766
321.43795028 , -1.90179401
321.88834416 , -1.86811037
321.66798156 , -2.07487962
321.52302378 , -2.13091186
322.1716949 , -1.72143954
322.33045749 , -2.38359772
323.06150441 , -1.90647039
323.45810995 , -2.26514512
323.1497953 , -2.17341486
323.36419249 , -1.95785424
323.67869184 , -2.18318695
324.36293298 , -2.74566023
324.69203685 , -2.81939597
324.16774075 , -2.92118267
324.7846239 , -2.20166458
325.35121247 , -2.64616784
325.31666043 , -2.6359955
325.50916797 , -2.64906655
325.70665339 , -2.58780841
325.70141346 , -2.51412497
326.63874433 , -2.52966316
326.79536052 , -2.8233753
327.18836479 , -2.81810141
327.00493661 , -2.68066874
327.52165035 , -3.12173436
327.88002763 , -2.94859365
328.07492964 , -2.84921713
327.9307373 , -3.01167499
328.3767642 , -3.6532441
328.52991874 , -3.74741748
329.17481773 , -3.79860673
329.06057693 , -3.89621297
329.5280648 , -3.13529126
330.20559527 , -3.64819445
330.28712464 , -3.48466299
330.07283575 , -3.57152496
330.46574547 , -3.43517551
330.63968147 , -4.076772
331.30454404 , -3.60793775
331.64502571 , -4.00234859
331.96068626 , -3.73262693
331.63746796 , -4.0684673
332.48035109 , -3.57266188
332.61095303 , -4.30328897
332.76641632 , -4.11418051
333.24161049 , -3.94523102
333.58964768 , -4.01128157
333.90657621 , -4.32911476
334.20612559 , -4.46212862
334.4174889 , -4.60792518
334.61582666 , -4.51352434
335.05844953 , -4.52142425
334.96256228 , -4.62977293
335.31429764 , -4.47116605
335.27652003 , -4.74428591
336.09531812 , -4.71091132
336.01489162 , -4.2893924
336.64247047 , -4.49903876
336.86892345 , -4.44248018
336.77579628 , -4.51974067
337.07343344 , -4.63136506
337.52114398 , -4.41786599
337.65782069 , -4.66754728
338.23604358 , -4.66206963
338.01560659 , -4.96474015
338.56522316 , -4.41528591
338.70969218 , -5.02297728
338.65401875 , -5.16379707
338.86860216 , -4.64773055
339.16617013 , -4.93393103
339.33395113 , -5.22202732
340.1608036 , -4.59257395
340.19014535 , -4.95886001
340.10054133 , -4.80142758
340.50475158 , -4.7476804
341.30207645 , -5.16331598
341.37697794 , -5.15150428
341.58857334 , -5.1034322
342.16333531 , -4.92519686
342.23757365 , -4.60974658
342.61339643 , -5.27087834
343.00730208 , -5.00795293
342.54871551 , -5.24187556
343.04141902 , -5.05637744
343.60047665 , -5.40887798
343.60400823 , -5.41038733
343.7812838 , -5.21966425
344.28949967 , -5.31816251
344.10151364 , -5.41056527
344.41166468 , -4.93766579
345.14685351 , -5.3380607
345.4066126 , -4.69244921
345.90837241 , -4.65889177
345.74082553 , -4.94153836
345.99778443 , -5.41005394
346.74653803 , -4.91295812
346.7825406 , -4.58099896
347.30627878 , -4.95290746
347.41041542 , -5.1090799
347.36790048 , -5.27048164
347.98570775 , -4.67249238
348.21210314 , -4.58015265
348.68113564 , -4.80791869
348.87072918 , -4.75322598
348.74337631 , -4.96986431
349.25896364 , -5.33898635
349.27273489 , -4.71997183
349.58896696 , -4.69459357
350.27682273 , -4.77278754
350.18364833 , -4.90557668
350.17971454 , -4.94519998
350.84400807 , -5.01850839
350.64300873 , -4.46702829
351.44769548 , -4.98525323
351.33232198 , -4.42628118
351.67271923 , -4.80994391
351.87629098 , -5.08735701
352.81763017 , -4.84505452
353.08945844 , -4.41418485
353.26376431 , -4.38606192
353.03464816 , -4.172673
353.19354558 , -4.56337569
353.8017609 , -4.54218247
354.47808087 , -4.22710847
354.23385851 , -4.35443004
354.81164792 , -4.28366552
354.65332178 , -4.53422889
355.29879178 , -4.021949
354.99895228 , -4.48750764
355.35073118 , -4.71956392
355.64614379 , -4.25862237
356.26145199 , -4.05241768
356.15485895 , -4.1997913
356.79567048 , -4.30587935
356.6617838 , -4.26885035
356.79673841 , -3.95654064
357.6248187 , -3.9562418
358.0629008 , -3.82264902
357.44936478 , -3.98261314
357.87288467 , -4.18752163
357.96936103 , -3.7957765
358.57752048 , -3.91395958
359.20891221 , -3.62595114
359.3721854 , -3.46275726
359.45435444 , -4.05646856
359.74333919 , -4.24479064
360.32678399 , -3.84474793
360.01689957 , -3.37783179
360.5415946 , -3.25907591
360.51914546 , -3.1604831
360.62107286 , -3.22370903
361.61687555 , -3.45616501
361.19098167 , -3.06096985
361.44338183 , -3.24654136
361.87183945 , -3.03518459
362.00202527 , -3.24215966
362.24220624 , -2.9896893
363.07161921 , -3.55435826
363.02883551 , -2.86858941
363.24158259 , -2.99296298
363.55463812 , -3.35791292
363.87426505 , -3.32093541
364.2309478 , -2.8300773
364.13821287 , -2.99402444
364.23270098 , -3.21488697
364.51749182 , -2.52205277
365.57580607 , -2.67181452
365.54445384 , -3.00648967
365.75171442 , -3.01226029
366.06172614 , -2.54390764
366.06134271 , -2.52086384
366.46638588 , -2.71357763
366.62108163 , -2.72407951
366.92476598 , -2.51654222
367.62689907 , -2.67171437
367.82297879 , -1.8393621
368.15462055 , -1.8225214
367.94365775 , -1.76290515
368.71918851 , -1.91504517
368.63139785 , -1.80081239
369.18033666 , -1.62665778
369.37949286 , -2.00574675
370.08328228 , -1.90095533
370.17114872 , -1.66511055
370.0042508 , -1.73509859
370.56022175 , -1.94436495
371.02094727 , -1.36276362
370.99867343 , -1.45472985
371.69426482 , -1.1559473
372.07852401 , -0.91991273
371.83591436 , -1.34505154
371.87219297 , -1.3774332
372.82407555 , -0.96310917
373.03977952 , -0.96884592
372.80956093 , -0.93002278
372.98760816 , -0.99384715
372.9179303 , -0.61467884
373.96273844 , -1.0383624
374.24264719 , -0.5726902
373.83074273 , -0.83039855
374.4082415 , -0.84927117
374.4442715 , -0.91320178
374.61260215 , -0.3635585
375.10890756 , -0.74086505
375.03140746 , -0.560046
375.59309781 , -0.10573502
376.39545864 , -0.5951058
376.75993175 , 0.17381617
377.08727562 , 0.26146029
377.37840091 , 0.01748573
376.80394382 , -0.31657046
377.30115622 , 0.34259465
377.63661936 , -0.07820539
377.64121115 , 0.04022272
378.4946011 , 0.1333595
378.59555219 , 0.72693845
378.99759309 , 0.53050718
378.68865368 , 0.53054839
379.5727613 , 0.2236938
379.555683 , 0.76781851
379.66070406 , 0.45780164
379.74807305 , 1.00029479
379.79806272 , 0.8654721
380.41114324 , 0.57317095
380.820819 , 0.84076226
381.01759585 , 0.95725958
381.08045471 , 0.94899267
381.14496439 , 1.23342037
381.83897395 , 0.80003476
382.17808914 , 1.38349033
381.90259915 , 1.34511188
382.56304079 , 1.75369739
382.36269062 , 1.47557841
383.02710958 , 1.48026354
383.6852264 , 1.69236944
383.36371468 , 1.9221045
383.88180199 , 1.86405383
383.65562263 , 1.43315734
384.49267973 , 1.39231356
384.87747209 , 1.62921826
384.65055862 , 1.52967659
384.62682635 , 1.49937512
385.02755192 , 1.68132313
385.84285044 , 2.4638973
386.13416888 , 2.48507492
386.52229854 , 2.12128104
386.14452974 , 1.99657653
386.76305315 , 2.1147178
386.79271303 , 1.9792517
387.55186956 , 2.1639043
387.28001456 , 2.40860275
387.6342291 , 2.11924306
387.71217144 , 2.42650875
388.23183201 , 2.62373553
388.6573155 , 2.82863883
388.77372968 , 2.39727922
389.21333362 , 3.00989903
389.72202724 , 3.32370384
389.82728017 , 3.31918809
389.7168719 , 2.79525557
390.28981832 , 2.70437446
389.98297035 , 3.11807201
391.02052941 , 3.41707423
391.18999463 , 3.12200322
391.5962931 , 3.24652966
391.58481522 , 3.0519279
391.61400868 , 3.2047793
391.69331527 , 3.59265146
392.31948797 , 3.83230057
392.24813726 , 3.35449639
392.96493213 , 3.81083078
393.29907783 , 3.80533361
393.16711903 , 3.73631371
393.62455382 , 3.51944449
393.74886267 , 3.73598079
394.15487422 , 3.841987
394.29299502 , 3.93496656
395.13485694 , 4.18695479
394.67997497 , 4.06184245
395.07649038 , 4.20689183
395.624349 , 3.9186641
395.56554661 , 3.80158066
396.3599189 , 4.21775421
396.54985891 , 4.2146356
396.5352546 , 3.82965806
396.88975683 , 4.31470531
397.00639169 , 3.82072315
397.24856959 , 4.020092
397.41639816 , 4.32853702
398.55918398 , 4.01344679
398.36899955 , 4.01173596
398.63822687 , 4.40179214
398.93475608 , 4.70978896
399.44838042 , 4.60759846
399.44962314 , 4.26304249
399.56456148 , 4.20786801
400.36807222 , 4.81797567
400.27975511 , 4.58537787
401.00622351 , 4.41023079
401.5361571 , 4.51270799
401.87103782 , 5.00720149
401.98729011 , 4.96863849
401.66508769 , 4.88321665
402.23474723 , 4.35885515
402.45687771 , 4.41254824
402.70386369 , 5.13040113
402.86857299 , 4.48942452
403.14753305 , 4.93338892
403.36001877 , 4.45481625
403.92844796 , 4.54539653
404.76756909 , 4.85982395
404.52241273 , 4.60941162
405.2042567 , 4.66510976
404.9946138 , 4.77556103
405.61238728 , 4.68761758
406.31520486 , 4.84837455
406.51414376 , 5.19802816
406.80048165 , 5.37898927
406.49100391 , 5.08726271
407.1426511 , 4.59027553
407.02681053 , 4.73306777
407.79216028 , 5.38737745
407.79519167 , 5.33865461
408.4595549 , 5.37289004
408.69555902 , 5.3904281
409.26938106 , 4.9258657
408.97500059 , 5.12439764
409.39204935 , 4.98692563
410.21509143 , 5.12061226
410.09268942 , 4.57889909
410.34523638 , 4.82139396
410.61387938 , 5.13852528
411.16919858 , 5.11906372
410.85971245 , 5.28111104
411.23133114 , 5.11844469
412.10631688 , 5.13223046
412.22057029 , 5.04466957
412.77104856 , 4.7333185
412.52705519 , 5.2687261
412.92768792 , 4.73901744
413.07191001 , 5.09180117
413.59480419 , 5.26882285
413.45536153 , 4.94167429
414.18112037 , 5.06142234
414.33888551 , 4.76958404
414.29678532 , 4.84464993
415.34882355 , 4.59742308
415.48325443 , 4.44522322
415.68485419 , 4.3648867
415.95837398 , 4.99347304
416.56046984 , 4.62247762
416.3251798 , 4.41350025
417.13723536 , 4.36400716
416.74799969 , 4.37273164
417.61872957 , 4.12456226
417.57316158 , 4.74010891
417.48329294 , 4.41009518
418.02596789 , 4.09012724
418.18490781 , 4.62677452
419.03458401 , 4.2932667
419.01170469 , 4.54156072
419.44431074 , 3.95052587
419.6981417 , 4.15905521
419.52811129 , 4.58240659
420.60752302 , 4.54561694
420.56414334 , 4.08971053
420.95990949 , 4.46065856
420.91083594 , 4.04313004
421.75449777 , 3.75388027
422.04639052 , 3.92303942
422.17005395 , 3.95068422
422.55417816 , 3.88718904
422.11430219 , 4.23389853
422.82312274 , 3.82890676
422.74019535 , 3.49837759
422.83043142 , 3.59278624
423.50684828 , 3.99677815
423.91046338 , 3.46079759
424.0481561 , 3.75083725
424.05608692 , 3.78165284
424.57614379 , 3.69561233
424.45581245 , 3.74341326
424.73093149 , 3.63552528
425.02882365 , 3.54554968
425.95616925 , 3.09002333
426.24825525 , 3.56092717
426.21185187 , 3.52191762
426.0884752 , 3.33898573
426.37637593 , 2.70903291
427.03776125 , 2.57533671
427.46327626 , 3.21704917
427.35827363 , 2.79193186
427.69136519 , 2.41316456
428.36574834 , 2.2911634
427.97481013 , 2.97771535
428.71224398 , 2.30723147
428.90648648 , 2.14066526
428.81663439 , 2.32775803
429.3918584 , 2.07742992
429.73019407 , 2.77768487
429.77240459 , 2.31473178
430.0149121 , 2.09930698
430.18960689 , 2.28065175
431.02246471 , 2.17921736
430.81519003 , 2.43425992
431.11769225 , 2.25249184
431.66817713 , 2.38685191
432.21770276 , 2.06314523
431.88943075 , 1.68979049
432.64323703 , 1.64930336
432.69642534 , 1.57136181
432.9077079 , 1.5801073
433.05951325 , 1.5587149
433.41066734 , 1.95162295
433.51507041 , 1.26223587
433.60468374 , 1.3666262
434.48674035 , 1.40046779
434.63361845 , 1.51407801
434.63019815 , 1.00678401
434.79253483 , 1.5221157
435.31215456 , 1.48050067
435.34695392 , 1.0326662
435.81488145 , 1.23704461
435.89823865 , 1.11351104
436.05090624 , 1.23992602
436.95489057 , 1.12736264
436.65788383 , 0.92610185
437.51008386 , 0.51154049
437.00754294 , 0.3158967
437.11861068 , 0.33169376
438.04356789 , 0.09643213
437.77471348 , 0.80747577
438.32718444 , 0.61480906
438.5797702 , 0.59061126
439.19909855 , 0.29463052
439.15251373 , 0.08797578
439.23194813 , 0.02721066
439.80621768 , -0.33616025
439.58520153 , -0.20662638
439.75082039 , 0.03985936
439.95962256 , 0.20951365
440.40993857 , -0.34147119
440.9006957 , -0.00169103
441.09000956 , -0.03322777
441.14837984 , -0.46854671
441.56100487 , -0.45867917
441.35990822 , -0.59615371
441.82429736 , -0.1662042
441.76992952 , -0.67741248
442.44199259 , -0.24155621
443.00913559 , -0.90322269
443.39236734 , -1.03397662
443.50687536 , -0.88842383
443.56666699 , -1.11270874
443.81328921 , -0.98783854
444.0413931 , -1.35956737
444.5587917 , -1.05853247
444.12597715 , -1.32030888
